#! FIELDS time rmsd fit d2 cvwo1 cvwo2
 0.000000   0.0538   0.0538   0.1030   0.0000   5.4029
 10.000000   0.1687   0.1687   0.0704   0.0226   4.2590
 20.000000   0.2159   0.2159   0.0460   0.0137   3.7124
 30.000000   0.2143   0.2143   0.1232   0.0000   3.7587
 40.000000   0.2305   0.2305   0.0516   0.0000   3.5925
 50.000000   0.2363   0.2363   0.1998   0.0000   3.0387
 60.000000   0.2587   0.2587   0.1345   0.0000   3.3937
 70.000000   0.2670   0.2670   0.1560   0.0000   5.5515
 80.000000   0.2712   0.2712   0.0978   0.0000   3.7135
 90.000000   0.2759   0.2759   0.1276   0.0000   4.6290
 100.000000   0.2954   0.2954   0.1437   0.0000   4.3352
 110.000000   0.2814   0.2814   0.2234   0.0000   3.0431
 120.000000   0.3093   0.3093   0.3385   0.0000   3.3384
 130.000000   0.3516   0.3516   0.4050   0.0000   3.6767
 140.000000   0.3419   0.3419   0.3920   0.0000   2.6223
 150.000000   0.3304   0.3304   0.4510   0.0000   2.8635
 160.000000   0.3513   0.3513   0.1973   0.0000   4.2935
 170.000000   0.3543   0.3543   0.2317   0.0000   4.2638
 180.000000   0.3480   0.3480   0.2966   0.0000   4.4272
 190.000000   0.3446   0.3446   0.3217   0.0000   4.1746
 200.000000   0.3658   0.3658   0.0502   0.0000   4.2352
 210.000000   0.3306   0.3306   0.2630   0.0000   4.8255
 220.000000   0.3422   0.3422   0.1389   0.0000   3.8565
 230.000000   0.3852   0.3852   0.5756   0.0000   2.3667
 240.000000   0.3850   0.3850   0.4100   0.0000   2.8534
 250.000000   0.3523   0.3523   0.1401   0.0000   3.0161
 260.000000   0.3706   0.3706   0.3295   0.0000   1.8997
 270.000000   0.3672   0.3672   0.4196   0.0000   3.2713
 280.000000   0.3800   0.3800   0.2862   0.0000   2.9900
 290.000000   0.3649   0.3649   0.2924   0.0000   3.6950
 300.000000   0.3694   0.3694   0.2682   0.0000   3.0557
 310.000000   0.3663   0.3663   0.3032   0.0000   3.5476
 320.000000   0.3741   0.3741   0.2702   0.0000   1.8934
 330.000000   0.3812   0.3812   0.1907   0.0000   3.2957
 340.000000   0.4063   0.4063   0.1395   0.0000   3.1019
 350.000000   0.3780   0.3780   0.3187   0.0000   3.8814
 360.000000   0.3429   0.3429   0.4259   0.0000   3.7369
 370.000000   0.3113   0.3113   0.4980   0.0000   3.6398
 380.000000   0.3329   0.3329   0.3931   0.0000   2.2340
 390.000000   0.3744   0.3744   0.4697   0.0000   2.6585
 400.000000   0.3961   0.3961   0.2929   0.0000   2.6026
 410.000000   0.4941   0.4941   0.4822   0.0124   3.0464
 420.000000   0.5097   0.5097   0.4052   0.0072   2.7214
 430.000000   0.5323   0.5323   0.4764   0.0000   3.2116
 440.000000   0.5134   0.5134   0.4323   0.0551   3.2605
 450.000000   0.5336   0.5336   0.3015   0.1101   1.7551
 460.000000   0.5522   0.5522   0.5083   0.0000   2.7641
 470.000000   0.5385   0.5385   0.3403   0.0238   2.6347
 480.000000   0.5648   0.5648   0.3180   0.0000   4.0182
 490.000000   0.5431   0.5431   0.2992   0.0000   3.4699
 500.000000   0.5420   0.5420   0.2915   0.0000   4.1374
 510.000000   0.5215   0.5215   0.2845   0.0000   3.7196
 520.000000   0.5425   0.5425   0.3661   0.0000   4.3610
