#! FIELDS time rmsd fit d2 cvwo1 cvwo2
 0.000000   0.0538   0.0538   0.1030   0.0000   5.4029
 10.000000   0.0994   0.0994   0.0816   0.0000   4.9752
 20.000000   0.1106   0.1106   0.0656   0.0000   4.5837
 30.000000   0.1277   0.1277   0.0839   0.0000   5.4316
 40.000000   0.1078   0.1078   0.0611   0.0000   4.6752
 50.000000   0.1167   0.1167   0.0747   0.0000   5.0328
 60.000000   0.1371   0.1371   0.1148   0.0065   5.1839
 70.000000   0.1291   0.1291   0.1022   0.0325   5.0763
 80.000000   0.1207   0.1207   0.0689   0.0000   4.9081
 90.000000   0.1210   0.1210   0.0587   0.0000   5.1265
 100.000000   0.1252   0.1252   0.1084   0.0000   4.9783
 110.000000   0.1297   0.1297   0.0647   0.0000   5.5411
 120.000000   0.1263   0.1263   0.1338   0.0000   4.8658
 130.000000   0.1270   0.1270   0.0617   0.0000   4.9326
 140.000000   0.1290   0.1290   0.0415   0.0000   5.4981
 150.000000   0.1490   0.1490   0.0704   0.0000   4.5484
 160.000000   0.1504   0.1504   0.0511   0.0000   4.8816
 170.000000   0.1552   0.1552   0.0941   0.0000   4.9944
 180.000000   0.1621   0.1621   0.1408   0.0000   4.6134
 190.000000   0.1466   0.1466   0.0955   0.0000   5.1547
 200.000000   0.1470   0.1470   0.0485   0.0000   5.6745
 210.000000   0.1456   0.1456   0.0476   0.0000   6.0638
 220.000000   0.1554   0.1554   0.1093   0.0000   4.7090
 230.000000   0.1621   0.1621   0.0976   0.0000   4.0006
 240.000000   0.1515   0.1515   0.0799   0.0000   5.2313
 250.000000   0.1436   0.1436   0.0664   0.0000   4.2876
 260.000000   0.1468   0.1468   0.0599   0.0000   5.0318
 270.000000   0.1421   0.1421   0.0646   0.0000   5.7708
 280.000000   0.1472   0.1472   0.0451   0.0000   5.2828
 290.000000   0.1610   0.1610   0.0506   0.0000   4.8361
 300.000000   0.1563   0.1563   0.0284   0.0000   5.7686
 310.000000   0.1531   0.1531   0.1066   0.0000   4.4174
 320.000000   0.1540   0.1540   0.0623   0.0000   4.4974
 330.000000   0.1616   0.1616   0.0649   0.0000   5.3433
 340.000000   0.1719   0.1719   0.0426   0.0000   5.3135
 350.000000   0.1619   0.1619   0.0470   0.0000   4.8159
 360.000000   0.1458   0.1458   0.0521   0.0000   5.2977
 370.000000   0.1720   0.1720   0.0778   0.0000   5.2998
 380.000000   0.1643   0.1643   0.0446   0.0000   5.0801
 390.000000   0.1732   0.1732   0.0806   0.0000   5.3316
 400.000000   0.1673   0.1673   0.1059   0.0000   4.6180
 410.000000   0.1725   0.1725   0.0528   0.0000   4.9957
 420.000000   0.1650   0.1650   0.0650   0.0000   5.1703
 430.000000   0.1679   0.1679   0.0576   0.0000   5.2745
 440.000000   0.1678   0.1678   0.0462   0.0000   5.2508
 450.000000   0.1737   0.1737   0.0763   0.0000   4.7759
 460.000000   0.1621   0.1621   0.0855   0.0000   5.2988
 470.000000   0.1575   0.1575   0.0542   0.0000   4.6432
 480.000000   0.1538   0.1538   0.0462   0.0000   5.7886
 490.000000   0.1578   0.1578   0.0436   0.0000   5.3927
 500.000000   0.1634   0.1634   0.0432   0.0000   5.1192
 510.000000   0.1629   0.1629   0.0344   0.0000   5.4168
 520.000000   0.1633   0.1633   0.0583   0.0000   5.6005
 530.000000   0.1506   0.1506   0.0514   0.0000   5.5932
 540.000000   0.1479   0.1479   0.1054   0.0000   5.3050
 550.000000   0.1574   0.1574   0.0398   0.0000   4.8891
 560.000000   0.1607   0.1607   0.0397   0.0000   4.9852
 570.000000   0.1517   0.1517   0.0661   0.0000   4.9818
 580.000000   0.1471   0.1471   0.0396   0.0000   4.9562
 590.000000   0.1514   0.1514   0.0756   0.0000   5.3722
 600.000000   0.1570   0.1570   0.0378   0.0000   4.6287
 610.000000   0.1505   0.1505   0.0897   0.0000   4.7073
 620.000000   0.1500   0.1500   0.0814   0.0000   4.4974
 630.000000   0.1627   0.1627   0.0711   0.0000   4.5516
 640.000000   0.1663   0.1663   0.0782   0.0000   4.9587
 650.000000   0.1643   0.1643   0.0641   0.0000   5.1204
 660.000000   0.1730   0.1730   0.0610   0.0000   4.8351
 670.000000   0.1819   0.1819   0.0559   0.0000   4.4954
 680.000000   0.1911   0.1911   0.0301   0.0000   5.8122
 690.000000   0.1822   0.1822   0.0821   0.0000   6.0636
 700.000000   0.1751   0.1751   0.0535   0.0000   4.7668
 710.000000   0.1770   0.1770   0.0512   0.0000   5.5802
 720.000000   0.1852   0.1852   0.0577   0.0000   5.2543
 730.000000   0.1705   0.1705   0.0315   0.0000   4.6856
 740.000000   0.1501   0.1501   0.0257   0.0000   4.8088
 750.000000   0.1540   0.1540   0.0759   0.0000   5.3054
 760.000000   0.1504   0.1504   0.0477   0.0000   5.0736
 770.000000   0.1621   0.1621   0.0424   0.0000   5.1158
 780.000000   0.1604   0.1604   0.0463   0.0000   6.0905
 790.000000   0.1614   0.1614   0.1077   0.0000   5.3203
 800.000000   0.1553   0.1553   0.0944   0.0000   5.8111
 810.000000   0.1541   0.1541   0.0780   0.0000   4.8161
 820.000000   0.1696   0.1696   0.0781   0.0000   4.4442
 830.000000   0.1618   0.1618   0.0954   0.0000   5.0547
 840.000000   0.1727   0.1727   0.0782   0.0000   4.0304
 850.000000   0.1756   0.1756   0.0222   0.0000   4.5972
 860.000000   0.1705   0.1705   0.0923   0.0000   5.5652
 870.000000   0.1755   0.1755   0.0513   0.0000   5.0975
 880.000000   0.1681   0.1681   0.0741   0.0000   4.9542
 890.000000   0.1795   0.1795   0.0884   0.0000   4.8434
 900.000000   0.1634   0.1634   0.0558   0.0000   4.1198
 910.000000   0.1597   0.1597   0.0588   0.0000   4.8655
 920.000000   0.1646   0.1646   0.0379   0.0000   4.8358
 930.000000   0.1669   0.1669   0.0581   0.0000   5.7653
 940.000000   0.1756   0.1756   0.0806   0.0000   6.0432
 950.000000   0.1690   0.1690   0.0789   0.0000   5.4229
 960.000000   0.1621   0.1621   0.1042   0.0000   5.1461
 970.000000   0.1698   0.1698   0.0607   0.0000   5.1875
 980.000000   0.1680   0.1680   0.0836   0.0000   4.5769
 990.000000   0.1767   0.1767   0.0881   0.0000   4.9828
 1000.000000   0.1680   0.1680   0.0540   0.0000   5.1094
 1010.000000   0.1653   0.1653   0.0629   0.0000   4.7968
 1020.000000   0.1689   0.1689   0.0495   0.0000   5.4246
 1030.000000   0.1835   0.1835   0.0515   0.0000   5.2946
 1040.000000   0.1694   0.1694   0.0563   0.0000   4.8831
 1050.000000   0.1795   0.1795   0.0695   0.0000   5.6440
 1060.000000   0.1854   0.1854   0.0474   0.0000   4.3653
 1070.000000   0.1829   0.1829   0.0834   0.0000   5.0995
 1080.000000   0.1642   0.1642   0.0562   0.0000   5.4826
 1090.000000   0.1809   0.1809   0.0546   0.0000   5.1263
 1100.000000   0.1812   0.1812   0.1009   0.0000   4.4976
 1110.000000   0.1740   0.1740   0.0831   0.0000   5.0568
 1120.000000   0.2023   0.2023   0.1004   0.0000   5.4377
 1130.000000   0.1837   0.1837   0.0308   0.0000   5.4042
 1140.000000   0.1797   0.1797   0.0781   0.0000   5.0448
 1150.000000   0.1755   0.1755   0.0704   0.0000   4.8206
 1160.000000   0.1703   0.1703   0.0504   0.0000   5.0094
 1170.000000   0.1697   0.1697   0.0680   0.0000   5.4012
 1180.000000   0.1735   0.1735   0.0517   0.0000   4.6058
 1190.000000   0.1795   0.1795   0.0666   0.0000   4.6524
 1200.000000   0.1833   0.1833   0.0402   0.0000   5.4982
 1210.000000   0.2285   0.2285   0.0354   0.0000   5.8733
 1220.000000   0.2162   0.2162   0.0658   0.0000   5.6977
 1230.000000   0.2131   0.2131   0.0563   0.0000   4.6426
 1240.000000   0.2135   0.2135   0.0695   0.0000   6.0150
 1250.000000   0.2068   0.2068   0.0280   0.0000   5.2289
 1260.000000   0.2084   0.2084   0.0301   0.0000   5.7263
 1270.000000   0.2291   0.2291   0.0400   0.0000   6.0994
 1280.000000   0.2005   0.2005   0.0351   0.0000   5.6390
 1290.000000   0.1828   0.1828   0.0391   0.0000   5.3502
 1300.000000   0.2098   0.2098   0.0278   0.0000   5.0468
 1310.000000   0.1948   0.1948   0.0345   0.0000   5.5653
 1320.000000   0.1894   0.1894   0.0344   0.0000   4.7459
 1330.000000   0.2015   0.2015   0.0528   0.0000   5.5715
 1340.000000   0.2107   0.2107   0.0420   0.0000   5.8226
 1350.000000   0.2315   0.2315   0.0939   0.0000   5.6305
 1360.000000   0.2205   0.2205   0.0355   0.0000   5.6705
 1370.000000   0.2258   0.2258   0.0989   0.0000   5.5807
 1380.000000   0.2373   0.2373   0.0927   0.0000   5.4404
 1390.000000   0.2396   0.2396   0.1290   0.0000   5.4086
 1400.000000   0.2519   0.2519   0.0784   0.0000   4.1871
 1410.000000   0.1869   0.1869   0.0630   0.0000   4.9782
 1420.000000   0.1957   0.1957   0.0722   0.0000   5.0132
 1430.000000   0.2145   0.2145   0.0221   0.0000   5.0843
 1440.000000   0.2176   0.2176   0.0369   0.0000   4.9624
 1450.000000   0.1949   0.1949   0.0837   0.0000   5.2923
 1460.000000   0.2095   0.2095   0.0650   0.0000   4.3379
 1470.000000   0.2096   0.2096   0.0859   0.0000   4.5487
 1480.000000   0.1911   0.1911   0.0492   0.0000   5.5214
 1490.000000   0.1887   0.1887   0.0283   0.0000   5.5527
 1500.000000   0.1852   0.1852   0.0400   0.0053   6.3665
 1510.000000   0.1952   0.1952   0.0793   0.0000   5.3245
 1520.000000   0.1993   0.1993   0.0826   0.0000   5.8531
 1530.000000   0.1867   0.1867   0.0624   0.0000   5.7711
 1540.000000   0.1888   0.1888   0.0387   0.0000   5.1388
 1550.000000   0.1882   0.1882   0.0355   0.0000   5.7115
 1560.000000   0.2018   0.2018   0.0541   0.0000   5.9564
 1570.000000   0.1965   0.1965   0.0680   0.0000   5.4386
 1580.000000   0.1932   0.1932   0.0660   0.0000   5.6163
 1590.000000   0.1910   0.1910   0.0329   0.0000   5.5257
 1600.000000   0.2096   0.2096   0.0466   0.0000   5.3533
 1610.000000   0.2037   0.2037   0.0627   0.0000   5.4604
 1620.000000   0.2000   0.2000   0.0096   0.0000   5.6634
 1630.000000   0.2106   0.2106   0.0521   0.0000   5.5620
 1640.000000   0.1935   0.1935   0.0725   0.0000   5.5449
 1650.000000   0.2186   0.2186   0.0367   0.0000   5.2339
 1660.000000   0.2063   0.2063   0.0886   0.0000   5.1587
 1670.000000   0.1974   0.1974   0.1449   0.0000   5.0747
 1680.000000   0.2082   0.2082   0.0944   0.0000   4.5490
 1690.000000   0.1935   0.1935   0.0268   0.0000   5.3465
 1700.000000   0.2082   0.2082   0.0631   0.0000   5.1296
 1710.000000   0.1908   0.1908   0.0405   0.0000   4.9771
 1720.000000   0.1856   0.1856   0.0857   0.0000   5.4657
 1730.000000   0.1831   0.1831   0.0684   0.0000   5.7647
 1740.000000   0.2000   0.2000   0.1087   0.0000   5.4009
 1750.000000   0.2076   0.2076   0.0887   0.0000   5.5044
 1760.000000   0.1923   0.1923   0.0536   0.0000   5.7680
 1770.000000   0.1835   0.1835   0.0379   0.0000   5.6565
 1780.000000   0.1983   0.1983   0.0686   0.0000   4.7999
 1790.000000   0.1942   0.1942   0.0383   0.0000   5.3277
 1800.000000   0.1780   0.1780   0.0732   0.0000   5.6408
 1810.000000   0.1748   0.1748   0.0499   0.0000   5.9106
 1820.000000   0.1830   0.1830   0.0817   0.0000   5.6190
 1830.000000   0.2048   0.2048   0.0617   0.0000   5.4787
 1840.000000   0.1949   0.1949   0.1049   0.0000   5.8005
 1850.000000   0.1966   0.1966   0.0323   0.0000   5.7539
 1860.000000   0.2155   0.2155   0.0798   0.0000   6.0178
 1870.000000   0.2492   0.2492   0.0551   0.0000   5.9949
 1880.000000   0.1997   0.1997   0.0485   0.0000   5.6664
 1890.000000   0.1720   0.1720   0.0586   0.0000   5.5813
 1900.000000   0.1762   0.1762   0.0351   0.0000   5.5697
 1910.000000   0.2066   0.2066   0.0600   0.0000   6.4621
 1920.000000   0.1988   0.1988   0.0827   0.0000   5.5585
 1930.000000   0.2014   0.2014   0.0799   0.0000   5.2284
 1940.000000   0.2269   0.2269   0.0817   0.0000   5.5360
 1950.000000   0.2249   0.2249   0.0925   0.0000   5.4985
 1960.000000   0.2081   0.2081   0.0530   0.0000   5.6448
 1970.000000   0.2108   0.2108   0.0434   0.0000   5.7470
 1980.000000   0.2218   0.2218   0.0865   0.0000   6.1666
 1990.000000   0.2333   0.2333   0.1120   0.0000   5.5720
 2000.000000   0.2157   0.2157   0.0696   0.0000   5.6016
 2010.000000   0.1923   0.1923   0.0679   0.0000   5.7912
 2020.000000   0.2014   0.2014   0.0655   0.0000   6.0196
 2030.000000   0.2135   0.2135   0.0654   0.0000   5.9160
 2040.000000   0.2044   0.2044   0.1028   0.0000   5.5637
 2050.000000   0.2112   0.2112   0.0694   0.0000   5.3746
 2060.000000   0.2230   0.2230   0.0406   0.0000   5.4849
 2070.000000   0.1987   0.1987   0.0566   0.0000   5.7199
 2080.000000   0.1940   0.1940   0.0526   0.0000   6.0690
 2090.000000   0.1943   0.1943   0.0600   0.0000   5.9381
 2100.000000   0.1981   0.1981   0.1146   0.0000   5.2620
 2110.000000   0.2009   0.2009   0.0833   0.0000   6.0520
 2120.000000   0.1858   0.1858   0.0168   0.0000   5.2117
 2130.000000   0.1806   0.1806   0.1308   0.0000   5.4057
 2140.000000   0.2005   0.2005   0.0490   0.0000   5.3968
 2150.000000   0.2038   0.2038   0.0791   0.0000   5.3026
 2160.000000   0.2037   0.2037   0.0486   0.0000   5.7947
 2170.000000   0.2172   0.2172   0.0477   0.0000   5.0543
 2180.000000   0.2167   0.2167   0.0609   0.0000   5.1284
 2190.000000   0.2084   0.2084   0.0466   0.0000   5.8967
 2200.000000   0.1970   0.1970   0.0810   0.0000   5.5565
 2210.000000   0.1966   0.1966   0.0526   0.0000   5.5794
 2220.000000   0.1938   0.1938   0.0268   0.0000   6.0508
 2230.000000   0.2162   0.2162   0.0964   0.0000   5.4596
 2240.000000   0.2325   0.2325   0.0574   0.0000   6.0139
 2250.000000   0.2358   0.2358   0.0763   0.0000   5.7325
 2260.000000   0.2267   0.2267   0.0251   0.0000   5.8215
 2270.000000   0.2062   0.2062   0.0527   0.0000   6.2402
 2280.000000   0.1936   0.1936   0.0824   0.0000   5.9343
 2290.000000   0.2288   0.2288   0.1070   0.0000   5.7469
 2300.000000   0.1966   0.1966   0.0889   0.0000   5.7017
 2310.000000   0.1910   0.1910   0.0492   0.0000   5.8815
 2320.000000   0.1783   0.1783   0.0694   0.0000   6.1323
 2330.000000   0.1835   0.1835   0.0862   0.0000   6.0357
 2340.000000   0.2023   0.2023   0.0424   0.0000   4.9803
 2350.000000   0.2088   0.2088   0.0939   0.0000   6.0152
 2360.000000   0.1972   0.1972   0.0762   0.0000   6.0345
 2370.000000   0.2071   0.2071   0.0548   0.0000   5.2842
 2380.000000   0.2003   0.2003   0.0543   0.0000   5.4728
 2390.000000   0.1919   0.1919   0.0790   0.0000   5.7587
 2400.000000   0.1967   0.1967   0.0459   0.0000   5.8857
 2410.000000   0.2041   0.2041   0.0909   0.0000   5.2526
 2420.000000   0.2128   0.2128   0.0794   0.0000   5.2352
 2430.000000   0.2027   0.2027   0.0780   0.0000   4.9544
 2440.000000   0.1968   0.1968   0.0762   0.0000   5.1416
 2450.000000   0.1927   0.1927   0.0643   0.0000   5.2699
 2460.000000   0.1915   0.1915   0.1008   0.0000   5.0727
 2470.000000   0.1988   0.1988   0.0131   0.0000   6.4572
 2480.000000   0.1780   0.1780   0.0722   0.0000   5.4603
 2490.000000   0.1816   0.1816   0.0779   0.0000   5.5562
 2500.000000   0.2048   0.2048   0.1056   0.0000   5.3271
 2510.000000   0.1936   0.1936   0.1101   0.0000   5.3554
 2520.000000   0.2022   0.2022   0.0903   0.0000   5.3286
 2530.000000   0.1985   0.1985   0.0654   0.0000   5.7242
 2540.000000   0.1983   0.1983   0.1219   0.0000   4.9025
 2550.000000   0.2046   0.2046   0.0491   0.0000   5.0316
 2560.000000   0.2139   0.2139   0.1050   0.0000   4.6740
 2570.000000   0.2009   0.2009   0.0945   0.0000   5.4121
 2580.000000   0.2068   0.2068   0.0652   0.0000   5.6561
 2590.000000   0.1955   0.1955   0.0250   0.0000   5.6259
 2600.000000   0.1932   0.1932   0.0941   0.0000   5.4161
 2610.000000   0.1993   0.1993   0.1154   0.0000   5.3487
 2620.000000   0.2200   0.2200   0.1192   0.0000   5.5712
 2630.000000   0.2209   0.2209   0.1022   0.0000   5.7491
 2640.000000   0.2360   0.2360   0.1164   0.0000   4.7334
 2650.000000   0.2243   0.2243   0.0647   0.0000   4.9294
 2660.000000   0.2205   0.2205   0.0564   0.0000   4.8729
 2670.000000   0.2009   0.2009   0.0393   0.0000   5.9786
 2680.000000   0.2183   0.2183   0.0925   0.0000   5.7084
 2690.000000   0.2321   0.2321   0.0566   0.0000   5.8207
 2700.000000   0.2179   0.2179   0.0756   0.0000   4.8015
 2710.000000   0.2183   0.2183   0.1325   0.0000   5.3834
 2720.000000   0.2256   0.2256   0.0751   0.0000   5.2030
 2730.000000   0.1863   0.1863   0.0403   0.0000   6.2468
 2740.000000   0.1985   0.1985   0.0768   0.0000   5.4858
 2750.000000   0.2012   0.2012   0.0412   0.0000   4.9051
 2760.000000   0.1921   0.1921   0.0542   0.0000   5.3949
 2770.000000   0.1962   0.1962   0.0642   0.0000   4.9384
 2780.000000   0.2028   0.2028   0.0515   0.0000   5.4064
 2790.000000   0.2192   0.2192   0.1264   0.0000   5.7926
 2800.000000   0.1872   0.1872   0.0778   0.0000   4.9913
 2810.000000   0.2043   0.2043   0.0869   0.0000   6.2463
 2820.000000   0.1976   0.1976   0.0644   0.0000   5.9695
 2830.000000   0.1921   0.1921   0.0706   0.0000   6.2445
 2840.000000   0.2102   0.2102   0.0376   0.0000   5.2522
 2850.000000   0.2182   0.2182   0.0570   0.0000   5.7075
 2860.000000   0.2037   0.2037   0.0890   0.0000   5.1167
 2870.000000   0.2108   0.2108   0.0360   0.0000   5.6074
 2880.000000   0.1988   0.1988   0.0666   0.0000   5.7107
 2890.000000   0.2133   0.2133   0.0709   0.0000   5.2541
 2900.000000   0.2057   0.2057   0.0792   0.0000   4.4226
 2910.000000   0.1941   0.1941   0.0619   0.0000   5.4580
 2920.000000   0.1881   0.1881   0.0289   0.0000   5.5844
 2930.000000   0.2115   0.2115   0.0867   0.0000   5.0341
 2940.000000   0.2114   0.2114   0.0621   0.0000   5.4258
 2950.000000   0.1938   0.1938   0.0341   0.0000   5.6885
 2960.000000   0.1889   0.1889   0.0865   0.0000   6.0666
 2970.000000   0.2026   0.2026   0.0774   0.0000   4.7777
 2980.000000   0.1894   0.1894   0.0778   0.0000   5.3847
 2990.000000   0.2019   0.2019   0.0681   0.0000   5.9688
 3000.000000   0.1942   0.1942   0.0708   0.0000   5.8821
 3010.000000   0.2001   0.2001   0.0661   0.0000   6.2269
 3020.000000   0.1946   0.1946   0.0232   0.0000   6.0820
 3030.000000   0.2103   0.2103   0.0738   0.0000   5.4201
 3040.000000   0.1939   0.1939   0.0456   0.0000   4.9921
 3050.000000   0.2214   0.2214   0.0659   0.0000   5.7236
 3060.000000   0.2587   0.2587   0.0797   0.0000   6.1256
 3070.000000   0.2546   0.2546   0.1008   0.0000   5.7484
 3080.000000   0.2163   0.2163   0.0619   0.0000   5.4317
 3090.000000   0.2078   0.2078   0.0360   0.0000   5.8200
 3100.000000   0.2015   0.2015   0.0522   0.0000   5.2005
 3110.000000   0.1823   0.1823   0.0553   0.0000   4.7887
 3120.000000   0.2136   0.2136   0.0660   0.0000   5.1267
 3130.000000   0.1998   0.1998   0.0264   0.0000   5.2887
 3140.000000   0.1839   0.1839   0.0376   0.0000   5.6997
 3150.000000   0.1912   0.1912   0.0666   0.0000   5.1994
 3160.000000   0.2033   0.2033   0.0534   0.0000   6.2261
 3170.000000   0.1923   0.1923   0.0513   0.0000   5.0020
 3180.000000   0.1892   0.1892   0.0530   0.0000   5.3528
 3190.000000   0.1891   0.1891   0.0709   0.0000   5.0101
 3200.000000   0.1873   0.1873   0.0652   0.0000   5.5423
 3210.000000   0.2124   0.2124   0.1369   0.0000   5.3978
 3220.000000   0.1876   0.1876   0.0673   0.0000   5.1425
 3230.000000   0.1913   0.1913   0.0622   0.0000   5.2136
 3240.000000   0.1859   0.1859   0.0402   0.0000   5.8207
 3250.000000   0.1839   0.1839   0.0727   0.0000   5.1415
 3260.000000   0.1776   0.1776   0.0594   0.0000   5.4267
 3270.000000   0.1926   0.1926   0.0318   0.0000   5.7787
 3280.000000   0.2151   0.2151   0.1213   0.0000   5.3682
 3290.000000   0.2162   0.2162   0.0724   0.0000   4.5326
 3300.000000   0.1853   0.1853   0.0785   0.0000   5.8237
 3310.000000   0.2135   0.2135   0.0933   0.0000   4.5235
 3320.000000   0.2435   0.2435   0.0712   0.0000   5.3271
 3330.000000   0.2236   0.2236   0.0776   0.0000   4.9463
 3340.000000   0.2355   0.2355   0.0759   0.0000   4.8243
 3350.000000   0.2429   0.2429   0.0983   0.0000   5.0966
 3360.000000   0.2499   0.2499   0.1203   0.0000   5.0237
 3370.000000   0.2768   0.2768   0.0816   0.0000   5.1927
 3380.000000   0.2814   0.2814   0.0711   0.0000   6.2338
 3390.000000   0.2902   0.2902   0.0904   0.0000   5.7202
 3400.000000   0.2897   0.2897   0.0880   0.0000   5.7152
 3410.000000   0.2403   0.2403   0.0670   0.0000   5.2588
 3420.000000   0.2523   0.2523   0.1113   0.0000   5.0410
 3430.000000   0.2823   0.2823   0.0652   0.0000   6.1544
 3440.000000   0.2843   0.2843   0.0467   0.0000   5.4805
 3450.000000   0.2426   0.2426   0.0593   0.0000   5.1680
 3460.000000   0.2530   0.2530   0.0297   0.0000   5.0989
 3470.000000   0.2116   0.2116   0.0658   0.0000   4.5985
 3480.000000   0.1849   0.1849   0.0726   0.0000   5.2769
 3490.000000   0.1906   0.1906   0.1178   0.0000   6.1696
 3500.000000   0.1926   0.1926   0.0722   0.0000   6.3326
 3510.000000   0.2232   0.2232   0.0299   0.0000   5.9128
 3520.000000   0.2040   0.2040   0.0842   0.0000   5.5531
 3530.000000   0.1891   0.1891   0.0644   0.0000   5.3560
 3540.000000   0.2041   0.2041   0.0344   0.0000   4.9240
 3550.000000   0.1920   0.1920   0.0394   0.0000   5.6323
 3560.000000   0.2017   0.2017   0.0653   0.0000   6.0592
 3570.000000   0.2051   0.2051   0.0548   0.0000   5.5838
 3580.000000   0.1950   0.1950   0.0838   0.0000   5.8206
 3590.000000   0.1905   0.1905   0.0838   0.0000   5.2673
 3600.000000   0.1892   0.1892   0.0550   0.0000   5.8680
 3610.000000   0.2087   0.2087   0.0740   0.0000   6.0442
 3620.000000   0.2012   0.2012   0.0363   0.0000   5.9222
 3630.000000   0.2050   0.2050   0.0469   0.0000   5.6789
 3640.000000   0.1791   0.1791   0.0642   0.0000   5.5560
 3650.000000   0.1837   0.1837   0.0834   0.0000   5.1801
 3660.000000   0.1789   0.1789   0.0666   0.0000   5.9274
 3670.000000   0.1817   0.1817   0.0770   0.0000   5.3636
 3680.000000   0.1826   0.1826   0.0480   0.0000   5.6681
 3690.000000   0.1944   0.1944   0.0663   0.0000   5.3957
 3700.000000   0.2014   0.2014   0.0654   0.0000   4.7791
 3710.000000   0.1903   0.1903   0.0713   0.0000   5.2525
 3720.000000   0.1782   0.1782   0.0675   0.0000   4.6626
 3730.000000   0.1771   0.1771   0.0681   0.0000   5.5321
 3740.000000   0.1872   0.1872   0.0510   0.0000   6.7959
 3750.000000   0.1861   0.1861   0.0885   0.0000   4.9641
 3760.000000   0.1819   0.1819   0.0700   0.0000   5.3597
 3770.000000   0.1954   0.1954   0.1140   0.0000   4.6461
 3780.000000   0.1841   0.1841   0.0573   0.0000   5.1640
 3790.000000   0.1889   0.1889   0.0589   0.0000   5.4107
 3800.000000   0.1734   0.1734   0.0358   0.0000   5.2629
 3810.000000   0.1792   0.1792   0.0590   0.0000   5.1384
 3820.000000   0.2080   0.2080   0.1004   0.0000   5.0948
 3830.000000   0.1876   0.1876   0.0386   0.0000   5.2466
 3840.000000   0.2087   0.2087   0.0733   0.0000   6.3558
 3850.000000   0.1951   0.1951   0.0543   0.0000   5.9002
 3860.000000   0.2160   0.2160   0.0182   0.0000   5.5067
 3870.000000   0.2083   0.2083   0.0857   0.0000   6.2054
 3880.000000   0.1782   0.1782   0.0679   0.0000   5.6902
 3890.000000   0.1843   0.1843   0.0940   0.0000   5.2322
 3900.000000   0.1942   0.1942   0.0505   0.0000   5.7946
 3910.000000   0.1866   0.1866   0.0548   0.0000   5.1087
 3920.000000   0.1840   0.1840   0.0654   0.0000   5.6835
 3930.000000   0.1859   0.1859   0.0451   0.0000   5.9588
 3940.000000   0.1848   0.1848   0.0670   0.0000   5.2100
 3950.000000   0.1900   0.1900   0.0471   0.0000   5.5618
 3960.000000   0.2100   0.2100   0.0615   0.0000   5.7248
 3970.000000   0.2096   0.2096   0.0722   0.0000   6.1169
 3980.000000   0.2031   0.2031   0.0552   0.0000   5.2547
 3990.000000   0.2086   0.2086   0.0548   0.0000   6.2370
 4000.000000   0.2046   0.2046   0.0485   0.0000   5.3101
 4010.000000   0.1905   0.1905   0.0735   0.0000   5.7227
 4020.000000   0.1825   0.1825   0.0369   0.0000   5.7531
 4030.000000   0.2019   0.2019   0.0499   0.0000   6.3089
 4040.000000   0.1913   0.1913   0.0728   0.0000   5.4660
 4050.000000   0.1759   0.1759   0.0936   0.0000   4.9382
 4060.000000   0.1885   0.1885   0.0352   0.0000   6.0750
 4070.000000   0.1748   0.1748   0.0488   0.0000   5.1552
 4080.000000   0.1880   0.1880   0.1049   0.0000   4.9130
 4090.000000   0.2067   0.2067   0.0810   0.0000   5.5524
 4100.000000   0.2264   0.2264   0.0705   0.0000   5.1770
 4110.000000   0.2230   0.2230   0.0487   0.0000   5.1553
 4120.000000   0.2203   0.2203   0.0775   0.0000   5.0977
 4130.000000   0.2205   0.2205   0.0776   0.0000   5.1307
 4140.000000   0.2096   0.2096   0.0545   0.0000   5.5874
 4150.000000   0.2179   0.2179   0.0792   0.0000   4.6758
 4160.000000   0.2085   0.2085   0.0531   0.0000   5.2610
 4170.000000   0.1845   0.1845   0.0302   0.0000   5.1962
 4180.000000   0.1927   0.1927   0.0876   0.0000   5.2699
 4190.000000   0.1869   0.1869   0.0642   0.0000   5.6815
 4200.000000   0.1943   0.1943   0.0664   0.0000   5.1258
 4210.000000   0.2056   0.2056   0.0685   0.0000   5.6384
 4220.000000   0.2038   0.2038   0.0607   0.0000   5.9402
 4230.000000   0.2061   0.2061   0.0519   0.0000   6.1694
 4240.000000   0.1894   0.1894   0.0357   0.0000   5.3470
 4250.000000   0.1749   0.1749   0.0528   0.0000   5.7638
 4260.000000   0.1763   0.1763   0.0556   0.0000   6.6039
 4270.000000   0.1793   0.1793   0.0575   0.0000   6.0598
 4280.000000   0.1842   0.1842   0.0321   0.0000   5.6228
 4290.000000   0.1881   0.1881   0.0608   0.0000   5.3543
 4300.000000   0.1794   0.1794   0.0400   0.0000   5.8569
 4310.000000   0.2004   0.2004   0.0805   0.0000   5.6219
 4320.000000   0.1882   0.1882   0.0361   0.0000   5.4747
 4330.000000   0.1782   0.1782   0.0550   0.0000   5.7491
 4340.000000   0.1779   0.1779   0.0886   0.0000   6.7637
 4350.000000   0.1798   0.1798   0.0582   0.0000   5.0619
 4360.000000   0.1888   0.1888   0.0281   0.0000   5.9235
 4370.000000   0.1885   0.1885   0.0518   0.0000   5.6217
 4380.000000   0.1924   0.1924   0.1041   0.0000   5.2169
 4390.000000   0.1829   0.1829   0.0421   0.0000   5.1190
 4400.000000   0.1766   0.1766   0.0323   0.0000   5.8142
 4410.000000   0.1721   0.1721   0.0623   0.0000   5.1975
 4420.000000   0.1807   0.1807   0.0443   0.0000   5.9705
 4430.000000   0.1922   0.1922   0.0469   0.0000   5.6136
 4440.000000   0.1996   0.1996   0.1246   0.0000   5.8709
 4450.000000   0.1983   0.1983   0.0693   0.0000   6.4576
 4460.000000   0.1978   0.1978   0.0818   0.0000   6.4051
 4470.000000   0.1959   0.1959   0.0449   0.0000   5.6935
 4480.000000   0.1846   0.1846   0.0327   0.0000   4.7968
 4490.000000   0.2054   0.2054   0.0424   0.0000   4.9503
 4500.000000   0.2262   0.2262   0.0593   0.0000   6.1047
 4510.000000   0.2173   0.2173   0.0555   0.0000   5.2714
 4520.000000   0.2000   0.2000   0.0626   0.0000   5.5827
 4530.000000   0.1919   0.1919   0.0429   0.0000   6.0418
 4540.000000   0.2037   0.2037   0.0958   0.0000   5.4027
 4550.000000   0.2001   0.2001   0.0451   0.0000   5.3798
 4560.000000   0.1928   0.1928   0.0300   0.0000   5.9529
 4570.000000   0.1968   0.1968   0.0394   0.0000   5.6728
 4580.000000   0.2050   0.2050   0.0530   0.0000   5.6997
 4590.000000   0.2051   0.2051   0.0790   0.0000   4.7977
 4600.000000   0.2002   0.2002   0.1411   0.0000   3.9385
 4610.000000   0.2307   0.2307   0.0369   0.0000   5.0730
 4620.000000   0.2323   0.2323   0.1012   0.0000   5.0420
 4630.000000   0.2434   0.2434   0.0706   0.0000   5.1709
 4640.000000   0.2153   0.2153   0.0597   0.0000   5.2663
 4650.000000   0.2073   0.2073   0.0691   0.0000   5.1697
 4660.000000   0.2318   0.2318   0.0689   0.0000   4.8216
 4670.000000   0.2135   0.2135   0.0453   0.0000   5.3265
 4680.000000   0.2010   0.2010   0.0319   0.0000   5.5543
 4690.000000   0.2298   0.2298   0.0799   0.0000   5.4103
 4700.000000   0.2010   0.2010   0.0689   0.0000   5.5452
 4710.000000   0.2076   0.2076   0.0944   0.0000   5.0061
 4720.000000   0.1905   0.1905   0.0825   0.0000   5.2941
 4730.000000   0.2072   0.2072   0.0557   0.0000   5.6837
 4740.000000   0.2026   0.2026   0.1077   0.0000   6.1356
 4750.000000   0.2151   0.2151   0.0753   0.0000   6.0265
 4760.000000   0.1958   0.1958   0.0979   0.0000   5.6405
 4770.000000   0.2018   0.2018   0.0270   0.0000   5.3786
 4780.000000   0.1895   0.1895   0.0981   0.0000   4.8609
 4790.000000   0.2000   0.2000   0.0311   0.0000   5.7241
 4800.000000   0.2214   0.2214   0.0346   0.0000   5.1193
 4810.000000   0.2145   0.2145   0.0313   0.0000   5.0078
 4820.000000   0.2131   0.2131   0.0361   0.0000   5.6879
 4830.000000   0.1965   0.1965   0.0215   0.0000   4.9384
 4840.000000   0.2213   0.2213   0.0248   0.0000   4.7058
 4850.000000   0.2152   0.2152   0.0443   0.0000   5.8564
 4860.000000   0.2311   0.2311   0.0738   0.0000   5.2804
 4870.000000   0.2008   0.2008   0.0165   0.0000   5.0797
 4880.000000   0.2215   0.2215   0.0362   0.0000   5.4728
 4890.000000   0.2288   0.2288   0.0691   0.0000   6.1168
 4900.000000   0.2474   0.2474   0.0444   0.0000   5.3373
 4910.000000   0.2309   0.2309   0.0484   0.0000   5.2996
 4920.000000   0.2223   0.2223   0.0424   0.0000   5.9334
 4930.000000   0.2207   0.2207   0.0485   0.0000   5.2980
 4940.000000   0.2140   0.2140   0.0344   0.0000   6.0342
 4950.000000   0.2432   0.2432   0.0569   0.0000   5.1070
 4960.000000   0.2319   0.2319   0.0837   0.0000   5.4179
 4970.000000   0.2631   0.2631   0.0990   0.0000   5.1582
 4980.000000   0.2311   0.2311   0.1028   0.0000   5.6114
 4990.000000   0.2380   0.2380   0.1053   0.0000   5.4376
 5000.000000   0.2605   0.2605   0.1182   0.0000   5.2146
 5010.000000   0.2359   0.2359   0.1231   0.0000   4.9569
 5020.000000   0.2104   0.2104   0.0264   0.0000   4.9723
 5030.000000   0.2232   0.2232   0.0879   0.0000   5.3520
 5040.000000   0.2298   0.2298   0.0971   0.0000   5.9362
 5050.000000   0.2379   0.2379   0.0427   0.0000   5.8002
 5060.000000   0.2487   0.2487   0.0803   0.0000   5.0432
 5070.000000   0.2244   0.2244   0.0681   0.0000   5.0111
 5080.000000   0.2529   0.2529   0.1054   0.0000   5.2143
 5090.000000   0.2528   0.2528   0.0700   0.0000   6.0835
 5100.000000   0.2612   0.2612   0.0957   0.0000   5.2848
 5110.000000   0.2302   0.2302   0.0884   0.0000   5.6909
 5120.000000   0.2115   0.2115   0.0935   0.0000   5.2302
 5130.000000   0.2228   0.2228   0.0797   0.0000   6.2297
 5140.000000   0.2133   0.2133   0.0702   0.0000   5.3765
 5150.000000   0.2145   0.2145   0.0467   0.0000   5.9762
 5160.000000   0.2050   0.2050   0.0571   0.0000   5.1701
 5170.000000   0.2115   0.2115   0.0685   0.0000   5.3284
 5180.000000   0.1882   0.1882   0.0351   0.0000   6.1752
 5190.000000   0.1942   0.1942   0.0425   0.0000   5.6572
 5200.000000   0.2020   0.2020   0.0972   0.0000   5.6679
 5210.000000   0.2016   0.2016   0.0440   0.0000   5.0284
 5220.000000   0.1921   0.1921   0.0264   0.0000   5.6009
 5230.000000   0.1918   0.1918   0.0597   0.0000   5.5263
 5240.000000   0.1919   0.1919   0.0427   0.0000   5.7851
 5250.000000   0.2224   0.2224   0.0795   0.0000   5.9868
 5260.000000   0.2253   0.2253   0.0602   0.0000   5.9227
 5270.000000   0.2184   0.2184   0.0828   0.0000   5.4408
 5280.000000   0.2287   0.2287   0.0657   0.0000   5.5457
 5290.000000   0.2115   0.2115   0.0429   0.0000   5.2586
 5300.000000   0.2002   0.2002   0.0548   0.0000   5.5943
 5310.000000   0.2069   0.2069   0.0526   0.0000   5.5319
 5320.000000   0.2259   0.2259   0.0458   0.0000   5.5493
 5330.000000   0.1882   0.1882   0.0409   0.0000   5.4471
 5340.000000   0.2272   0.2272   0.0846   0.0000   6.3572
 5350.000000   0.2228   0.2228   0.0709   0.0000   5.0445
 5360.000000   0.2013   0.2013   0.0593   0.0000   5.3263
 5370.000000   0.1994   0.1994   0.0877   0.0000   5.4660
 5380.000000   0.1989   0.1989   0.0780   0.0000   5.6045
 5390.000000   0.2034   0.2034   0.0125   0.0000   5.0711
 5400.000000   0.1926   0.1926   0.0545   0.0000   5.2476
 5410.000000   0.1873   0.1873   0.0349   0.0000   5.9752
 5420.000000   0.1862   0.1862   0.0301   0.0000   6.5091
 5430.000000   0.2111   0.2111   0.0531   0.0000   5.5957
 5440.000000   0.2059   0.2059   0.0214   0.0000   6.1405
 5450.000000   0.2094   0.2094   0.0629   0.0000   5.1261
 5460.000000   0.1952   0.1952   0.0569   0.0000   5.7451
 5470.000000   0.2048   0.2048   0.0364   0.0000   5.2668
 5480.000000   0.2032   0.2032   0.0394   0.0000   6.0534
 5490.000000   0.2406   0.2406   0.0685   0.0000   5.2692
 5500.000000   0.2300   0.2300   0.0613   0.0000   5.8398
 5510.000000   0.2063   0.2063   0.0554   0.0000   5.2982
 5520.000000   0.1992   0.1992   0.0820   0.0000   5.9087
 5530.000000   0.1834   0.1834   0.0430   0.0000   5.0707
 5540.000000   0.1893   0.1893   0.0407   0.0000   5.8072
 5550.000000   0.1969   0.1969   0.0594   0.0000   5.4875
 5560.000000   0.1936   0.1936   0.0387   0.0000   6.1159
 5570.000000   0.1905   0.1905   0.0605   0.0000   5.2570
 5580.000000   0.1967   0.1967   0.0476   0.0000   6.0062
 5590.000000   0.1945   0.1945   0.0409   0.0000   5.3933
 5600.000000   0.2064   0.2064   0.0178   0.0000   5.9147
 5610.000000   0.2057   0.2057   0.0499   0.0000   5.9617
 5620.000000   0.2038   0.2038   0.0927   0.0000   5.1810
 5630.000000   0.2028   0.2028   0.0473   0.0000   5.1314
 5640.000000   0.2095   0.2095   0.0847   0.0000   4.4776
 5650.000000   0.2299   0.2299   0.0623   0.0000   5.6672
 5660.000000   0.2191   0.2191   0.0756   0.0000   5.4023
 5670.000000   0.1974   0.1974   0.0239   0.0000   5.5786
 5680.000000   0.1888   0.1888   0.0416   0.0000   5.7277
 5690.000000   0.2022   0.2022   0.1025   0.0000   5.2053
 5700.000000   0.2229   0.2229   0.0722   0.0000   5.7025
 5710.000000   0.2303   0.2303   0.0857   0.0000   5.8816
 5720.000000   0.2234   0.2234   0.0593   0.0000   5.4914
 5730.000000   0.2227   0.2227   0.0721   0.0000   5.7462
 5740.000000   0.2123   0.2123   0.1056   0.0000   5.6675
 5750.000000   0.2219   0.2219   0.0877   0.0000   5.2359
 5760.000000   0.2221   0.2221   0.0957   0.0000   4.1293
 5770.000000   0.2331   0.2331   0.0996   0.0000   4.5991
 5780.000000   0.2101   0.2101   0.0487   0.0000   4.2661
 5790.000000   0.2098   0.2098   0.0689   0.0000   5.8999
 5800.000000   0.2355   0.2355   0.0940   0.0000   5.5366
 5810.000000   0.2270   0.2270   0.0607   0.0000   5.4401
 5820.000000   0.2163   0.2163   0.0845   0.0000   4.9480
 5830.000000   0.2113   0.2113   0.0388   0.0000   6.0220
 5840.000000   0.1963   0.1963   0.0317   0.0000   5.2071
 5850.000000   0.2060   0.2060   0.0348   0.0000   5.4600
 5860.000000   0.2258   0.2258   0.0415   0.0000   4.3732
 5870.000000   0.1925   0.1925   0.0547   0.0000   4.6648
 5880.000000   0.2120   0.2120   0.0483   0.0000   5.0572
 5890.000000   0.2068   0.2068   0.0520   0.0000   5.2060
 5900.000000   0.2113   0.2113   0.0407   0.0000   4.9922
 5910.000000   0.2127   0.2127   0.0331   0.0000   5.4709
 5920.000000   0.2054   0.2054   0.0555   0.0000   5.4964
 5930.000000   0.2043   0.2043   0.0368   0.0000   4.9950
 5940.000000   0.2061   0.2061   0.0458   0.0000   5.1076
 5950.000000   0.1978   0.1978   0.0547   0.0000   6.0804
 5960.000000   0.1784   0.1784   0.0889   0.0000   5.8869
 5970.000000   0.1859   0.1859   0.0870   0.0000   4.8890
 5980.000000   0.1851   0.1851   0.0397   0.0000   5.7391
 5990.000000   0.2042   0.2042   0.0375   0.0000   5.1146
 6000.000000   0.2111   0.2111   0.0725   0.0000   5.2969
 6010.000000   0.2013   0.2013   0.0304   0.0000   4.9921
 6020.000000   0.2094   0.2094   0.0333   0.0000   4.5422
 6030.000000   0.2164   0.2164   0.0467   0.0000   5.4897
 6040.000000   0.2099   0.2099   0.0710   0.0000   5.0744
 6050.000000   0.1999   0.1999   0.0470   0.0000   5.1738
 6060.000000   0.2136   0.2136   0.1065   0.0000   5.3616
 6070.000000   0.2048   0.2048   0.0533   0.0000   4.9474
 6080.000000   0.2152   0.2152   0.0601   0.0000   4.8052
 6090.000000   0.2042   0.2042   0.0347   0.0000   5.3206
 6100.000000   0.2094   0.2094   0.0875   0.0000   5.7567
 6110.000000   0.2029   0.2029   0.0402   0.0000   4.7491
 6120.000000   0.1933   0.1933   0.0491   0.0000   5.3639
 6130.000000   0.2043   0.2043   0.0690   0.0000   5.6479
 6140.000000   0.1814   0.1814   0.0761   0.0000   5.0231
 6150.000000   0.2000   0.2000   0.0827   0.0000   5.1722
 6160.000000   0.1872   0.1872   0.0571   0.0000   4.6205
 6170.000000   0.1878   0.1878   0.0478   0.0000   4.7457
 6180.000000   0.1913   0.1913   0.0443   0.0000   5.4003
 6190.000000   0.2000   0.2000   0.0680   0.0000   4.9759
 6200.000000   0.1936   0.1936   0.0903   0.0000   5.3956
 6210.000000   0.1925   0.1925   0.1321   0.0000   5.2304
 6220.000000   0.1984   0.1984   0.0390   0.0000   5.2110
 6230.000000   0.2009   0.2009   0.0965   0.0000   5.5928
 6240.000000   0.2046   0.2046   0.0872   0.0000   5.8919
 6250.000000   0.1764   0.1764   0.0855   0.0000   5.0377
 6260.000000   0.1913   0.1913   0.0868   0.0000   5.3951
 6270.000000   0.1828   0.1828   0.0744   0.0000   5.2410
 6280.000000   0.1789   0.1789   0.0979   0.0000   5.5122
 6290.000000   0.1844   0.1844   0.0875   0.0000   6.1434
 6300.000000   0.1948   0.1948   0.0438   0.0000   4.9254
 6310.000000   0.1934   0.1934   0.0652   0.0000   5.3551
 6320.000000   0.1868   0.1868   0.1023   0.0000   5.9338
 6330.000000   0.1847   0.1847   0.0777   0.0000   5.9265
 6340.000000   0.1759   0.1759   0.0612   0.0000   6.2068
 6350.000000   0.1837   0.1837   0.0529   0.0000   5.3623
 6360.000000   0.1915   0.1915   0.0779   0.0000   5.7427
 6370.000000   0.1887   0.1887   0.0530   0.0000   5.2063
 6380.000000   0.2022   0.2022   0.1162   0.0000   5.4222
 6390.000000   0.1919   0.1919   0.0583   0.0000   5.1556
 6400.000000   0.1894   0.1894   0.0375   0.0000   5.2689
 6410.000000   0.1891   0.1891   0.0975   0.0000   5.0025
 6420.000000   0.1972   0.1972   0.1347   0.0000   5.2877
 6430.000000   0.2071   0.2071   0.0709   0.0000   4.2798
 6440.000000   0.2028   0.2028   0.1121   0.0000   5.4523
 6450.000000   0.2122   0.2122   0.0398   0.0000   5.2648
 6460.000000   0.1955   0.1955   0.1090   0.0000   6.3664
 6470.000000   0.2074   0.2074   0.0519   0.0000   5.4435
 6480.000000   0.2001   0.2001   0.0482   0.0000   5.4747
 6490.000000   0.2299   0.2299   0.0683   0.0000   5.5666
 6500.000000   0.1939   0.1939   0.0498   0.0000   5.3573
 6510.000000   0.1899   0.1899   0.0728   0.0000   5.4018
 6520.000000   0.1939   0.1939   0.0868   0.0000   5.6095
 6530.000000   0.1888   0.1888   0.0564   0.0000   6.3283
 6540.000000   0.1962   0.1962   0.0656   0.0000   5.6093
 6550.000000   0.1913   0.1913   0.0999   0.0000   5.9251
 6560.000000   0.1934   0.1934   0.0680   0.0000   5.9437
 6570.000000   0.1840   0.1840   0.0104   0.0000   5.6600
 6580.000000   0.1782   0.1782   0.0690   0.0000   5.1434
 6590.000000   0.1920   0.1920   0.0625   0.0000   5.6491
 6600.000000   0.1878   0.1878   0.0591   0.0000   4.6896
 6610.000000   0.1978   0.1978   0.0633   0.0000   5.2745
 6620.000000   0.1993   0.1993   0.0681   0.0000   5.9754
 6630.000000   0.1962   0.1962   0.0419   0.0000   5.2449
 6640.000000   0.2044   0.2044   0.0708   0.0000   5.3630
 6650.000000   0.2222   0.2222   0.0357   0.0000   4.7781
 6660.000000   0.1943   0.1943   0.1003   0.0000   5.4178
 6670.000000   0.2019   0.2019   0.0843   0.0000   4.6177
 6680.000000   0.2009   0.2009   0.1233   0.0000   5.7336
 6690.000000   0.1985   0.1985   0.1034   0.0000   4.8564
 6700.000000   0.1815   0.1815   0.1060   0.0000   4.9248
 6710.000000   0.2078   0.2078   0.1155   0.0000   5.0892
 6720.000000   0.1935   0.1935   0.0518   0.0000   5.7684
 6730.000000   0.1885   0.1885   0.0507   0.0000   4.9654
 6740.000000   0.1996   0.1996   0.0525   0.0000   5.3653
 6750.000000   0.1915   0.1915   0.0473   0.0000   5.1246
 6760.000000   0.1918   0.1918   0.0642   0.0000   5.7903
 6770.000000   0.1996   0.1996   0.0607   0.0000   5.3007
 6780.000000   0.1947   0.1947   0.0673   0.0000   5.8720
 6790.000000   0.2063   0.2063   0.0498   0.0000   5.1192
 6800.000000   0.1877   0.1877   0.1107   0.0000   5.3264
 6810.000000   0.1882   0.1882   0.0926   0.0000   5.1676
 6820.000000   0.1889   0.1889   0.0641   0.0000   4.4958
 6830.000000   0.1971   0.1971   0.0680   0.0000   4.9849
 6840.000000   0.2104   0.2104   0.0906   0.0000   5.5406
 6850.000000   0.2119   0.2119   0.0648   0.0000   5.4037
 6860.000000   0.2033   0.2033   0.0316   0.0000   5.7189
 6870.000000   0.2022   0.2022   0.0646   0.0000   4.9391
 6880.000000   0.2011   0.2011   0.0209   0.0000   5.9375
 6890.000000   0.2001   0.2001   0.0624   0.0000   5.7864
 6900.000000   0.2025   0.2025   0.1010   0.0000   5.4266
 6910.000000   0.1934   0.1934   0.0926   0.0000   5.3672
 6920.000000   0.1988   0.1988   0.0632   0.0000   4.2595
 6930.000000   0.1919   0.1919   0.0738   0.0000   4.9621
 6940.000000   0.2000   0.2000   0.0951   0.0000   4.4110
 6950.000000   0.1888   0.1888   0.0895   0.0000   4.2216
 6960.000000   0.1857   0.1857   0.0822   0.0000   5.7407
 6970.000000   0.1930   0.1930   0.0858   0.0000   5.1180
 6980.000000   0.1807   0.1807   0.0753   0.0000   5.0961
 6990.000000   0.1796   0.1796   0.0542   0.0000   5.3925
 7000.000000   0.1859   0.1859   0.0720   0.0000   5.6870
 7010.000000   0.1908   0.1908   0.0820   0.0000   5.1801
 7020.000000   0.1763   0.1763   0.0767   0.0000   4.9662
 7030.000000   0.1760   0.1760   0.0870   0.0000   4.7929
 7040.000000   0.1847   0.1847   0.0814   0.0000   5.1372
 7050.000000   0.1806   0.1806   0.0881   0.0000   5.5740
 7060.000000   0.1757   0.1757   0.0725   0.0000   6.0275
 7070.000000   0.1814   0.1814   0.0537   0.0000   5.3013
 7080.000000   0.1753   0.1753   0.0668   0.0000   5.0380
 7090.000000   0.1846   0.1846   0.0527   0.0000   4.9406
 7100.000000   0.1962   0.1962   0.0408   0.0000   5.8057
 7110.000000   0.1978   0.1978   0.0727   0.0000   5.6248
 7120.000000   0.2017   0.2017   0.0849   0.0000   4.6342
 7130.000000   0.1972   0.1972   0.0994   0.0000   4.7468
 7140.000000   0.1970   0.1970   0.0509   0.0000   5.6775
 7150.000000   0.1982   0.1982   0.1119   0.0000   5.5735
 7160.000000   0.1963   0.1963   0.0766   0.0000   5.5580
 7170.000000   0.1890   0.1890   0.0315   0.0000   4.9203
 7180.000000   0.1924   0.1924   0.0532   0.0000   5.4567
 7190.000000   0.2044   0.2044   0.0648   0.0000   4.3515
 7200.000000   0.1953   0.1953   0.0767   0.0000   5.3185
 7210.000000   0.1888   0.1888   0.1229   0.0000   4.5869
 7220.000000   0.1939   0.1939   0.1300   0.0000   4.2173
 7230.000000   0.1951   0.1951   0.0683   0.0000   4.4317
 7240.000000   0.1953   0.1953   0.0644   0.0000   4.5694
 7250.000000   0.1907   0.1907   0.1143   0.0000   4.5950
 7260.000000   0.1867   0.1867   0.0527   0.0000   4.5349
 7270.000000   0.1933   0.1933   0.1196   0.0000   5.2905
 7280.000000   0.1949   0.1949   0.0745   0.0000   4.9548
 7290.000000   0.1845   0.1845   0.0936   0.0000   4.8083
 7300.000000   0.1999   0.1999   0.0603   0.0000   5.0474
 7310.000000   0.1807   0.1807   0.0811   0.0000   4.2294
 7320.000000   0.1843   0.1843   0.1150   0.0000   4.6735
 7330.000000   0.1924   0.1924   0.0605   0.0000   5.0576
 7340.000000   0.2136   0.2136   0.0744   0.0000   4.9919
 7350.000000   0.2419   0.2419   0.1343   0.0000   4.8716
 7360.000000   0.2322   0.2322   0.1302   0.0000   4.2400
 7370.000000   0.2218   0.2218   0.1430   0.0000   3.8832
 7380.000000   0.2093   0.2093   0.1108   0.0000   4.0820
 7390.000000   0.2177   0.2177   0.0949   0.0000   5.6651
 7400.000000   0.2168   0.2168   0.1137   0.0000   4.2509
 7410.000000   0.2095   0.2095   0.0994   0.0000   5.8971
 7420.000000   0.2135   0.2135   0.1058   0.0000   5.1765
 7430.000000   0.2112   0.2112   0.1033   0.0000   5.7767
 7440.000000   0.2228   0.2228   0.1547   0.0000   4.5636
 7450.000000   0.2117   0.2117   0.1340   0.0000   4.1693
 7460.000000   0.2021   0.2021   0.0874   0.0000   4.5513
 7470.000000   0.2047   0.2047   0.0952   0.0000   3.8963
 7480.000000   0.2000   0.2000   0.1243   0.0000   4.8767
 7490.000000   0.1893   0.1893   0.1070   0.0000   4.2498
 7500.000000   0.1930   0.1930   0.0682   0.0000   4.6137
 7510.000000   0.1899   0.1899   0.0711   0.0000   4.4237
 7520.000000   0.2134   0.2134   0.1011   0.0000   4.2610
 7530.000000   0.2168   0.2168   0.1200   0.0000   4.6821
 7540.000000   0.2306   0.2306   0.1765   0.0000   3.7639
 7550.000000   0.2045   0.2045   0.1042   0.0000   4.7192
 7560.000000   0.2084   0.2084   0.1217   0.0000   4.5375
 7570.000000   0.2008   0.2008   0.0849   0.0000   4.0031
 7580.000000   0.2035   0.2035   0.1021   0.0000   4.8583
 7590.000000   0.1943   0.1943   0.0816   0.0000   4.8543
 7600.000000   0.2010   0.2010   0.1001   0.0000   5.0063
 7610.000000   0.2359   0.2359   0.0575   0.0000   4.4108
 7620.000000   0.1995   0.1995   0.0776   0.0000   3.8953
 7630.000000   0.2126   0.2126   0.0715   0.0000   5.8648
 7640.000000   0.2074   0.2074   0.1101   0.0000   5.1414
 7650.000000   0.1908   0.1908   0.0774   0.0000   5.2717
 7660.000000   0.1831   0.1831   0.0705   0.0000   4.5809
 7670.000000   0.1925   0.1925   0.1027   0.0000   4.9199
 7680.000000   0.1879   0.1879   0.0301   0.0000   5.1734
 7690.000000   0.1943   0.1943   0.1288   0.0000   5.6973
 7700.000000   0.1980   0.1980   0.1074   0.0000   4.8124
 7710.000000   0.1921   0.1921   0.0402   0.0000   5.4700
 7720.000000   0.1968   0.1968   0.0907   0.0000   4.6348
 7730.000000   0.1952   0.1952   0.0618   0.0000   4.8776
 7740.000000   0.1804   0.1804   0.0567   0.0000   5.5412
 7750.000000   0.1879   0.1879   0.0743   0.0000   5.4393
 7760.000000   0.1854   0.1854   0.1183   0.0000   5.3263
 7770.000000   0.1916   0.1916   0.0220   0.0000   4.8471
 7780.000000   0.2250   0.2250   0.1050   0.0000   4.5154
 7790.000000   0.1910   0.1910   0.0597   0.0000   5.6231
 7800.000000   0.1844   0.1844   0.1225   0.0000   5.7212
 7810.000000   0.2000   0.2000   0.0674   0.0000   5.7454
 7820.000000   0.2026   0.2026   0.1358   0.0000   4.7238
 7830.000000   0.1966   0.1966   0.1308   0.0000   5.2632
 7840.000000   0.1872   0.1872   0.0570   0.0000   4.8106
 7850.000000   0.1865   0.1865   0.0402   0.0000   4.9713
 7860.000000   0.1822   0.1822   0.0964   0.0000   4.6348
 7870.000000   0.1829   0.1829   0.0538   0.0000   5.5088
 7880.000000   0.1834   0.1834   0.0918   0.0000   5.3528
 7890.000000   0.1896   0.1896   0.1178   0.0000   6.0406
 7900.000000   0.1982   0.1982   0.1074   0.0000   4.9359
 7910.000000   0.1898   0.1898   0.1097   0.0000   5.8322
 7920.000000   0.1839   0.1839   0.0889   0.0000   4.6747
 7930.000000   0.1878   0.1878   0.0969   0.0000   5.6015
 7940.000000   0.1921   0.1921   0.0638   0.0000   4.6083
 7950.000000   0.1885   0.1885   0.0715   0.0000   4.9621
 7960.000000   0.2003   0.2003   0.0616   0.0000   5.3591
 7970.000000   0.2086   0.2086   0.0982   0.0000   5.4079
 7980.000000   0.1940   0.1940   0.0466   0.0000   5.7139
 7990.000000   0.1882   0.1882   0.0460   0.0000   5.6364
 8000.000000   0.1911   0.1911   0.0763   0.0000   5.3855
 8010.000000   0.2245   0.2245   0.1161   0.0000   4.7062
 8020.000000   0.2001   0.2001   0.0449   0.0000   5.1576
 8030.000000   0.2150   0.2150   0.0972   0.0000   4.5751
 8040.000000   0.2057   0.2057   0.0499   0.0000   5.0431
 8050.000000   0.1946   0.1946   0.0695   0.0000   5.4418
 8060.000000   0.2062   0.2062   0.0922   0.0000   4.4654
 8070.000000   0.2026   0.2026   0.0759   0.0000   4.2089
 8080.000000   0.2001   0.2001   0.0925   0.0000   5.5162
 8090.000000   0.2002   0.2002   0.0924   0.0000   5.2663
 8100.000000   0.2029   0.2029   0.0403   0.0000   4.9117
 8110.000000   0.2140   0.2140   0.0609   0.0000   4.6072
 8120.000000   0.2167   0.2167   0.0892   0.0000   4.4411
 8130.000000   0.2034   0.2034   0.0616   0.0000   4.4081
 8140.000000   0.2063   0.2063   0.0799   0.0000   5.5010
 8150.000000   0.2182   0.2182   0.1029   0.0000   5.3220
 8160.000000   0.2303   0.2303   0.1078   0.0000   4.6268
 8170.000000   0.2267   0.2267   0.0528   0.0000   5.2428
 8180.000000   0.2188   0.2188   0.0756   0.0000   5.1592
 8190.000000   0.2036   0.2036   0.0475   0.0000   5.1327
 8200.000000   0.2129   0.2129   0.0704   0.0000   4.8182
 8210.000000   0.2232   0.2232   0.0352   0.0000   5.0025
 8220.000000   0.1890   0.1890   0.0616   0.0000   5.2238
 8230.000000   0.2056   0.2056   0.1016   0.0000   5.1547
 8240.000000   0.2192   0.2192   0.0783   0.0000   4.8653
 8250.000000   0.2357   0.2357   0.1145   0.0000   5.0626
 8260.000000   0.2178   0.2178   0.0995   0.0000   5.6924
 8270.000000   0.2107   0.2107   0.0607   0.0000   5.1246
 8280.000000   0.2068   0.2068   0.0575   0.0000   5.0834
 8290.000000   0.1852   0.1852   0.0710   0.0000   5.2668
 8300.000000   0.1963   0.1963   0.0527   0.0000   5.3699
 8310.000000   0.1979   0.1979   0.0696   0.0000   5.2515
 8320.000000   0.1894   0.1894   0.0512   0.0000   5.5811
 8330.000000   0.2084   0.2084   0.0865   0.0000   5.3497
 8340.000000   0.2025   0.2025   0.1087   0.0000   5.3333
 8350.000000   0.1928   0.1928   0.0474   0.0000   5.7131
 8360.000000   0.1802   0.1802   0.0627   0.0000   5.3217
 8370.000000   0.1870   0.1870   0.1002   0.0000   5.0713
 8380.000000   0.1916   0.1916   0.0701   0.0000   5.3844
 8390.000000   0.2006   0.2006   0.0993   0.0000   4.5421
 8400.000000   0.1954   0.1954   0.0763   0.0000   5.6601
 8410.000000   0.1997   0.1997   0.0607   0.0000   5.0807
 8420.000000   0.1966   0.1966   0.0676   0.0000   5.1714
 8430.000000   0.1861   0.1861   0.0935   0.0000   4.7708
 8440.000000   0.1894   0.1894   0.0604   0.0000   5.1155
 8450.000000   0.1795   0.1795   0.0339   0.0000   4.7840
 8460.000000   0.1914   0.1914   0.0635   0.0000   5.1595
 8470.000000   0.2028   0.2028   0.0318   0.0000   5.5003
 8480.000000   0.1921   0.1921   0.0774   0.0000   6.0215
 8490.000000   0.1894   0.1894   0.0945   0.0000   4.5644
 8500.000000   0.1902   0.1902   0.1188   0.0000   5.4840
 8510.000000   0.1760   0.1760   0.0856   0.0000   5.0564
 8520.000000   0.2104   0.2104   0.0315   0.0000   5.4603
 8530.000000   0.2008   0.2008   0.0811   0.0000   4.9980
 8540.000000   0.1985   0.1985   0.0753   0.0000   6.1796
 8550.000000   0.1845   0.1845   0.0790   0.0000   4.5898
 8560.000000   0.1888   0.1888   0.0779   0.0000   5.0264
 8570.000000   0.1885   0.1885   0.1170   0.0000   4.7131
 8580.000000   0.1766   0.1766   0.1032   0.0000   5.1800
 8590.000000   0.2066   0.2066   0.0780   0.0000   4.1623
 8600.000000   0.1737   0.1737   0.0330   0.0000   5.4292
 8610.000000   0.1880   0.1880   0.0978   0.0000   4.8620
 8620.000000   0.2011   0.2011   0.0707   0.0000   4.5173
 8630.000000   0.1965   0.1965   0.0710   0.0000   4.3899
 8640.000000   0.2041   0.2041   0.0859   0.0000   5.1755
 8650.000000   0.1972   0.1972   0.1216   0.0000   5.5217
 8660.000000   0.2093   0.2093   0.0942   0.0000   5.2263
 8670.000000   0.1883   0.1883   0.1169   0.0000   5.1897
 8680.000000   0.1879   0.1879   0.1074   0.0000   5.4686
 8690.000000   0.1919   0.1919   0.0951   0.0000   5.4063
 8700.000000   0.1874   0.1874   0.1041   0.0000   5.1739
 8710.000000   0.1914   0.1914   0.0618   0.0000   5.5828
 8720.000000   0.1952   0.1952   0.1132   0.0000   5.0338
 8730.000000   0.2012   0.2012   0.0577   0.0000   4.3519
 8740.000000   0.1969   0.1969   0.0365   0.0000   4.6230
 8750.000000   0.1948   0.1948   0.0641   0.0000   5.1073
 8760.000000   0.2131   0.2131   0.0859   0.0000   4.7936
 8770.000000   0.1864   0.1864   0.0798   0.0000   4.3757
 8780.000000   0.2009   0.2009   0.0791   0.0000   4.6164
 8790.000000   0.1969   0.1969   0.0420   0.0000   5.4027
 8800.000000   0.1982   0.1982   0.0708   0.0000   5.7354
 8810.000000   0.1847   0.1847   0.0390   0.0000   4.9316
 8820.000000   0.1943   0.1943   0.0860   0.0000   4.2712
 8830.000000   0.2036   0.2036   0.0531   0.0000   6.2016
 8840.000000   0.1928   0.1928   0.1119   0.0000   4.7475
 8850.000000   0.1947   0.1947   0.0531   0.0000   5.5526
 8860.000000   0.1936   0.1936   0.0668   0.0000   4.9462
 8870.000000   0.1880   0.1880   0.1217   0.0000   4.4859
 8880.000000   0.1895   0.1895   0.1080   0.0000   4.6719
 8890.000000   0.1858   0.1858   0.1228   0.0000   4.5471
 8900.000000   0.1880   0.1880   0.0948   0.0000   4.6431
 8910.000000   0.1886   0.1886   0.0677   0.0000   5.7705
 8920.000000   0.1848   0.1848   0.1262   0.0000   5.1953
 8930.000000   0.2021   0.2021   0.1396   0.0000   4.1970
 8940.000000   0.1844   0.1844   0.1275   0.0000   5.7214
 8950.000000   0.1962   0.1962   0.1235   0.0000   4.3665
 8960.000000   0.1928   0.1928   0.1414   0.0000   4.4176
 8970.000000   0.1858   0.1858   0.1109   0.0000   4.7138
 8980.000000   0.2092   0.2092   0.1727   0.0000   3.9563
 8990.000000   0.1948   0.1948   0.1464   0.0000   5.7772
 9000.000000   0.1859   0.1859   0.1364   0.0000   4.8861
 9010.000000   0.1826   0.1826   0.0792   0.0000   4.3630
 9020.000000   0.1992   0.1992   0.1021   0.0000   4.6765
 9030.000000   0.2057   0.2057   0.1068   0.0000   4.8784
 9040.000000   0.1877   0.1877   0.1317   0.0000   4.7846
 9050.000000   0.2103   0.2103   0.1791   0.0000   5.3205
 9060.000000   0.2221   0.2221   0.1629   0.0000   4.5850
 9070.000000   0.2151   0.2151   0.1454   0.0000   4.8611
 9080.000000   0.2145   0.2145   0.1973   0.0000   5.1065
 9090.000000   0.1994   0.1994   0.1890   0.0000   5.4115
 9100.000000   0.1926   0.1926   0.1981   0.0000   5.1950
 9110.000000   0.1931   0.1931   0.1789   0.0000   5.4686
 9120.000000   0.2053   0.2053   0.1434   0.0000   5.3935
 9130.000000   0.2081   0.2081   0.1910   0.0000   5.4733
 9140.000000   0.2155   0.2155   0.1651   0.0000   4.9698
 9150.000000   0.2088   0.2088   0.1628   0.0000   5.1165
 9160.000000   0.2060   0.2060   0.2033   0.0000   4.4013
 9170.000000   0.2001   0.2001   0.1662   0.0000   4.8080
 9180.000000   0.1958   0.1958   0.1334   0.0000   4.6527
 9190.000000   0.1912   0.1912   0.1671   0.0000   5.2556
 9200.000000   0.1906   0.1906   0.1401   0.0000   4.9829
 9210.000000   0.2019   0.2019   0.1698   0.0000   4.9138
 9220.000000   0.2069   0.2069   0.1824   0.0000   5.0745
 9230.000000   0.2110   0.2110   0.1136   0.0000   5.1703
 9240.000000   0.2205   0.2205   0.1321   0.0000   4.9266
 9250.000000   0.2089   0.2089   0.2201   0.0000   4.9005
 9260.000000   0.2218   0.2218   0.1480   0.0000   5.0619
 9270.000000   0.2111   0.2111   0.1555   0.0000   5.2223
 9280.000000   0.2087   0.2087   0.1349   0.0000   4.9906
 9290.000000   0.2221   0.2221   0.1457   0.0000   4.4258
 9300.000000   0.2219   0.2219   0.1840   0.0000   5.7161
 9310.000000   0.2329   0.2329   0.1919   0.0000   5.1712
 9320.000000   0.2231   0.2231   0.1717   0.0000   3.6790
 9330.000000   0.2121   0.2121   0.1678   0.0000   4.6520
 9340.000000   0.2072   0.2072   0.1306   0.0000   4.4745
 9350.000000   0.2017   0.2017   0.1324   0.0000   4.3781
 9360.000000   0.2129   0.2129   0.1438   0.0000   5.0526
 9370.000000   0.2103   0.2103   0.1932   0.0000   6.1006
 9380.000000   0.2033   0.2033   0.1754   0.0000   5.0643
 9390.000000   0.2114   0.2114   0.1405   0.0000   4.1781
 9400.000000   0.1950   0.1950   0.1502   0.0000   5.1965
 9410.000000   0.2004   0.2004   0.1544   0.0000   4.4310
 9420.000000   0.1930   0.1930   0.2021   0.0000   5.0770
 9430.000000   0.1916   0.1916   0.1942   0.0000   4.7387
 9440.000000   0.1929   0.1929   0.1630   0.0000   5.1006
 9450.000000   0.1997   0.1997   0.1647   0.0000   5.3925
 9460.000000   0.1930   0.1930   0.1487   0.0000   4.6610
 9470.000000   0.1919   0.1919   0.1676   0.0000   4.4373
 9480.000000   0.1946   0.1946   0.0649   0.0000   5.1539
 9490.000000   0.1956   0.1956   0.1382   0.0000   4.5114
 9500.000000   0.1872   0.1872   0.1529   0.0000   5.4672
 9510.000000   0.1951   0.1951   0.0863   0.0000   4.7603
 9520.000000   0.1915   0.1915   0.1154   0.0000   5.0272
 9530.000000   0.1825   0.1825   0.1151   0.0000   5.1517
 9540.000000   0.2009   0.2009   0.1086   0.0000   5.1105
 9550.000000   0.1999   0.1999   0.1042   0.0000   4.9030
 9560.000000   0.2087   0.2087   0.0919   0.0000   5.3164
 9570.000000   0.2065   0.2065   0.0803   0.0000   6.1615
 9580.000000   0.2065   0.2065   0.0593   0.0000   4.5878
 9590.000000   0.2377   0.2377   0.0755   0.0000   4.5619
 9600.000000   0.2016   0.2016   0.0983   0.0000   4.3294
 9610.000000   0.1925   0.1925   0.1017   0.0000   5.2636
 9620.000000   0.1840   0.1840   0.1045   0.0000   4.9378
 9630.000000   0.1833   0.1833   0.0897   0.0000   4.9446
 9640.000000   0.1979   0.1979   0.1151   0.0000   5.1579
 9650.000000   0.2137   0.2137   0.1457   0.0000   5.0006
 9660.000000   0.2014   0.2014   0.0991   0.0000   4.8765
 9670.000000   0.1934   0.1934   0.1186   0.0000   4.8011
 9680.000000   0.1972   0.1972   0.1100   0.0000   4.5643
 9690.000000   0.2156   0.2156   0.1178   0.0000   4.6858
 9700.000000   0.2135   0.2135   0.1578   0.0000   4.6126
 9710.000000   0.2075   0.2075   0.1525   0.0000   4.3456
 9720.000000   0.2052   0.2052   0.1580   0.0000   5.0772
 9730.000000   0.1837   0.1837   0.1421   0.0000   5.5518
 9740.000000   0.1897   0.1897   0.1404   0.0000   4.7349
 9750.000000   0.1937   0.1937   0.1404   0.0007   4.9830
 9760.000000   0.2078   0.2078   0.1065   0.0000   5.9400
 9770.000000   0.1964   0.1964   0.0906   0.0000   6.0996
 9780.000000   0.1938   0.1938   0.1015   0.0000   5.2684
 9790.000000   0.1944   0.1944   0.0825   0.0000   4.8783
 9800.000000   0.1984   0.1984   0.1473   0.0015   5.6948
 9810.000000   0.2016   0.2016   0.1115   0.0000   5.3448
 9820.000000   0.1907   0.1907   0.0820   0.0000   6.0037
 9830.000000   0.1883   0.1883   0.0594   0.0000   4.7156
 9840.000000   0.1942   0.1942   0.0958   0.0000   5.3382
 9850.000000   0.1902   0.1902   0.1448   0.0000   6.2362
 9860.000000   0.1935   0.1935   0.1035   0.0000   4.7164
 9870.000000   0.2048   0.2048   0.0963   0.0000   5.1766
 9880.000000   0.1960   0.1960   0.1086   0.0000   4.7391
 9890.000000   0.1958   0.1958   0.0586   0.0000   5.2627
 9900.000000   0.1907   0.1907   0.0942   0.0000   5.6438
 9910.000000   0.1936   0.1936   0.0377   0.0000   4.8715
 9920.000000   0.1989   0.1989   0.0543   0.0000   5.2260
 9930.000000   0.1947   0.1947   0.0784   0.0000   5.3941
 9940.000000   0.1951   0.1951   0.0637   0.0000   4.3334
 9950.000000   0.2294   0.2294   0.0494   0.0000   5.6718
 9960.000000   0.2003   0.2003   0.0759   0.0000   4.9585
 9970.000000   0.1989   0.1989   0.1033   0.0000   4.9930
 9980.000000   0.2063   0.2063   0.0904   0.0000   4.9097
 9990.000000   0.1891   0.1891   0.0908   0.0000   4.8355
 10000.000000   0.1935   0.1935   0.0806   0.0000   5.0373
