#! FIELDS time rmsd fit d2 cvwo1 cvwo2
 0.000000   0.0538   0.0538   0.1030   0.0000   5.4029
 10.000000   0.1403   0.1403   0.1012   0.0000   4.0672
 20.000000   0.1374   0.1374   0.0643   0.0000   5.5755
 30.000000   0.1599   0.1599   0.0965   0.0000   5.1864
 40.000000   0.1727   0.1727   0.0832   0.0000   5.9814
 50.000000   0.1509   0.1509   0.1319   0.0000   5.2687
 60.000000   0.1506   0.1506   0.0696   0.0000   4.3620
 70.000000   0.1529   0.1529   0.0470   0.0000   4.3050
 80.000000   0.1633   0.1633   0.0900   0.0000   5.0287
 90.000000   0.1622   0.1622   0.1012   0.0000   4.7673
 100.000000   0.1651   0.1651   0.0809   0.0000   4.2496
 110.000000   0.1582   0.1582   0.1406   0.0000   4.2805
 120.000000   0.1624   0.1624   0.1140   0.0000   4.1851
 130.000000   0.1824   0.1824   0.0794   0.0000   4.6648
 140.000000   0.1725   0.1725   0.1159   0.0000   4.7524
 150.000000   0.1613   0.1613   0.0676   0.0000   5.1855
 160.000000   0.1634   0.1634   0.0749   0.0000   5.8269
 170.000000   0.1798   0.1798   0.0665   0.0000   4.9377
 180.000000   0.1784   0.1784   0.0488   0.0000   5.4905
 190.000000   0.1893   0.1893   0.0738   0.0000   4.7727
 200.000000   0.1779   0.1779   0.1015   0.0000   4.7377
 210.000000   0.1724   0.1724   0.0808   0.0000   5.4107
 220.000000   0.1809   0.1809   0.0394   0.0000   4.0079
 230.000000   0.1860   0.1860   0.1099   0.0000   4.9514
 240.000000   0.1966   0.1966   0.0650   0.0000   4.7576
 250.000000   0.1961   0.1961   0.1223   0.0000   4.7394
 260.000000   0.1968   0.1968   0.0516   0.0000   5.4921
 270.000000   0.2153   0.2153   0.0792   0.0000   4.6818
 280.000000   0.2141   0.2141   0.1220   0.0000   5.3707
 290.000000   0.1993   0.1993   0.0422   0.0000   5.7753
 300.000000   0.1941   0.1941   0.0782   0.0000   5.8271
 310.000000   0.1926   0.1926   0.0760   0.0000   4.9758
 320.000000   0.1894   0.1894   0.0635   0.0000   4.7118
 330.000000   0.1877   0.1877   0.0266   0.0000   4.4895
 340.000000   0.1963   0.1963   0.0718   0.0000   5.4151
 350.000000   0.2196   0.2196   0.0734   0.0000   5.2712
 360.000000   0.1837   0.1837   0.1200   0.0000   5.1147
 370.000000   0.1984   0.1984   0.0862   0.0000   4.4240
 380.000000   0.1850   0.1850   0.1324   0.0000   4.8590
 390.000000   0.1910   0.1910   0.0816   0.0000   5.1851
 400.000000   0.1964   0.1964   0.1188   0.0000   5.5731
 410.000000   0.1937   0.1937   0.0611   0.0000   5.0296
 420.000000   0.1820   0.1820   0.1058   0.0000   4.3954
 430.000000   0.1907   0.1907   0.0825   0.0000   4.3885
 440.000000   0.1895   0.1895   0.0994   0.0000   4.9745
 450.000000   0.2018   0.2018   0.0216   0.0000   4.4296
 460.000000   0.1816   0.1816   0.0463   0.0000   4.4634
 470.000000   0.1870   0.1870   0.0901   0.0000   4.4118
 480.000000   0.1976   0.1976   0.0955   0.0000   5.6967
 490.000000   0.2014   0.2014   0.0803   0.0000   5.1767
 500.000000   0.1915   0.1915   0.0593   0.0000   4.8762
 510.000000   0.1926   0.1926   0.0314   0.0000   5.0610
 520.000000   0.2103   0.2103   0.1112   0.0000   3.7607
 530.000000   0.1991   0.1991   0.0251   0.0000   5.0728
 540.000000   0.1956   0.1956   0.0240   0.0000   4.8460
 550.000000   0.1964   0.1964   0.1182   0.0000   4.5701
 560.000000   0.2111   0.2111   0.0805   0.0000   3.9703
 570.000000   0.1995   0.1995   0.0774   0.0000   4.8038
 580.000000   0.2091   0.2091   0.0829   0.0000   3.8558
 590.000000   0.2050   0.2050   0.0710   0.0000   4.7138
 600.000000   0.2043   0.2043   0.0445   0.0000   4.9934
 610.000000   0.2357   0.2357   0.1382   0.0000   4.7056
 620.000000   0.2154   0.2154   0.1031   0.0000   4.2078
 630.000000   0.2267   0.2267   0.0650   0.0000   4.2297
 640.000000   0.2505   0.2505   0.1036   0.0000   4.1049
 650.000000   0.2639   0.2639   0.0494   0.0000   4.1208
 660.000000   0.2770   0.2770   0.0613   0.0000   4.5607
 670.000000   0.2544   0.2544   0.1134   0.0000   4.8673
 680.000000   0.2473   0.2473   0.0573   0.0000   5.0193
 690.000000   0.2463   0.2463   0.0040   0.0000   5.4847
 700.000000   0.2363   0.2363   0.0552   0.0000   5.0846
 710.000000   0.2530   0.2530   0.0849   0.0000   5.1090
 720.000000   0.2405   0.2405   0.0548   0.0000   4.6887
 730.000000   0.2444   0.2444   0.0342   0.0000   5.2169
 740.000000   0.2485   0.2485   0.0534   0.0000   4.7606
 750.000000   0.2535   0.2535   0.1185   0.0000   4.9694
 760.000000   0.2353   0.2353   0.0785   0.0000   5.5890
 770.000000   0.2387   0.2387   0.0652   0.0000   4.7231
 780.000000   0.2247   0.2247   0.0814   0.0000   5.8043
 790.000000   0.2196   0.2196   0.0486   0.0000   5.1074
 800.000000   0.2410   0.2410   0.0595   0.0000   4.4449
 810.000000   0.2259   0.2259   0.0806   0.0000   4.4838
 820.000000   0.2209   0.2209   0.0830   0.0000   4.3962
 830.000000   0.2278   0.2278   0.0640   0.0000   5.2115
 840.000000   0.2180   0.2180   0.0581   0.0000   5.3494
 850.000000   0.2176   0.2176   0.0663   0.0000   4.0383
 860.000000   0.2289   0.2289   0.0369   0.0000   5.0772
 870.000000   0.2390   0.2390   0.0883   0.0000   5.6729
 880.000000   0.2295   0.2295   0.0648   0.0000   5.0872
 890.000000   0.2279   0.2279   0.0920   0.0000   4.2871
 900.000000   0.2004   0.2004   0.0694   0.0000   5.8628
 910.000000   0.2052   0.2052   0.0769   0.0000   4.7549
 920.000000   0.2191   0.2191   0.0774   0.0000   4.5815
 930.000000   0.2248   0.2248   0.0702   0.0000   4.5923
 940.000000   0.2271   0.2271   0.0853   0.0000   5.2505
 950.000000   0.2385   0.2385   0.0304   0.0000   4.6640
 960.000000   0.2653   0.2653   0.0986   0.0000   4.5779
 970.000000   0.2608   0.2608   0.0761   0.0000   5.0532
 980.000000   0.2784   0.2784   0.0239   0.0000   5.3982
 990.000000   0.2868   0.2868   0.1106   0.0000   5.0393
 1000.000000   0.2577   0.2577   0.1325   0.0000   4.5835
 1010.000000   0.2574   0.2574   0.0648   0.0000   4.5893
 1020.000000   0.2616   0.2616   0.0266   0.0000   4.7186
 1030.000000   0.2397   0.2397   0.0899   0.0000   4.1956
 1040.000000   0.2228   0.2228   0.1180   0.0000   4.5283
 1050.000000   0.2377   0.2377   0.0891   0.0000   4.9051
 1060.000000   0.2313   0.2313   0.1011   0.0000   4.4288
 1070.000000   0.2410   0.2410   0.1374   0.0000   4.4454
 1080.000000   0.2174   0.2174   0.0830   0.0000   6.3751
 1090.000000   0.2301   0.2301   0.0774   0.0000   5.4453
 1100.000000   0.2141   0.2141   0.0680   0.0000   5.6850
 1110.000000   0.2400   0.2400   0.0882   0.0000   5.7964
 1120.000000   0.2462   0.2462   0.1570   0.0000   5.4734
 1130.000000   0.2376   0.2376   0.1068   0.0000   4.5119
 1140.000000   0.2089   0.2089   0.0850   0.0000   5.1471
 1150.000000   0.2155   0.2155   0.0980   0.0000   5.4247
 1160.000000   0.2212   0.2212   0.1155   0.0000   4.8342
 1170.000000   0.2237   0.2237   0.1638   0.0000   4.3545
 1180.000000   0.2337   0.2337   0.1886   0.0000   5.2896
 1190.000000   0.2348   0.2348   0.1243   0.0000   4.8848
 1200.000000   0.2622   0.2622   0.1553   0.0000   4.9467
 1210.000000   0.2818   0.2818   0.1639   0.0000   4.6458
 1220.000000   0.2679   0.2679   0.1705   0.0000   5.4495
 1230.000000   0.2995   0.2995   0.1961   0.0000   5.4134
 1240.000000   0.2930   0.2930   0.1198   0.0000   4.4085
 1250.000000   0.2734   0.2734   0.2049   0.0000   5.5561
 1260.000000   0.2659   0.2659   0.0970   0.0000   4.6617
 1270.000000   0.2174   0.2174   0.1413   0.0000   5.4329
 1280.000000   0.2280   0.2280   0.0983   0.0000   5.1728
 1290.000000   0.2639   0.2639   0.1263   0.0000   5.1989
 1300.000000   0.2265   0.2265   0.1291   0.0000   5.7703
 1310.000000   0.2339   0.2339   0.1037   0.0000   4.2188
 1320.000000   0.2550   0.2550   0.0811   0.0000   5.4211
 1330.000000   0.2672   0.2672   0.1231   0.0000   4.7849
 1340.000000   0.3047   0.3047   0.1040   0.0000   4.5454
 1350.000000   0.2614   0.2614   0.0746   0.0000   5.0468
 1360.000000   0.2316   0.2316   0.0529   0.0000   5.2579
 1370.000000   0.2355   0.2355   0.1020   0.0000   4.8416
 1380.000000   0.2219   0.2219   0.0724   0.0000   4.6417
 1390.000000   0.2282   0.2282   0.0940   0.0000   4.7262
 1400.000000   0.2130   0.2130   0.0511   0.0000   4.4611
 1410.000000   0.2278   0.2278   0.0602   0.0000   5.3560
 1420.000000   0.2235   0.2235   0.0912   0.0000   4.4564
 1430.000000   0.2208   0.2208   0.1203   0.0000   6.1226
 1440.000000   0.2283   0.2283   0.1291   0.0000   4.9856
 1450.000000   0.2273   0.2273   0.1154   0.0000   5.4579
 1460.000000   0.2077   0.2077   0.0691   0.0000   4.2406
 1470.000000   0.2045   0.2045   0.0985   0.0000   4.7503
 1480.000000   0.2224   0.2224   0.1370   0.0574   4.1624
 1490.000000   0.2168   0.2168   0.1541   0.0295   4.2999
 1500.000000   0.2500   0.2500   0.1034   0.0225   4.3420
 1510.000000   0.2282   0.2282   0.1507   0.0000   4.6257
 1520.000000   0.2423   0.2423   0.1413   0.0000   3.9117
 1530.000000   0.2476   0.2476   0.1047   0.0346   3.8457
 1540.000000   0.2352   0.2352   0.0866   0.0500   3.7444
 1550.000000   0.2472   0.2472   0.1313   0.0000   3.5593
 1560.000000   0.2530   0.2530   0.1000   0.0000   4.6461
 1570.000000   0.2485   0.2485   0.1090   0.0000   3.7158
 1580.000000   0.2618   0.2618   0.0956   0.0000   4.3179
 1590.000000   0.2490   0.2490   0.1385   0.0000   4.9891
 1600.000000   0.2538   0.2538   0.1338   0.0000   4.4010
 1610.000000   0.2483   0.2483   0.1024   0.0000   3.7477
 1620.000000   0.2490   0.2490   0.0844   0.0000   4.7778
 1630.000000   0.2412   0.2412   0.0998   0.0232   5.2951
 1640.000000   0.2364   0.2364   0.1029   0.0000   4.8598
 1650.000000   0.2424   0.2424   0.1650   0.0000   4.7234
 1660.000000   0.2606   0.2606   0.1195   0.0000   4.6356
 1670.000000   0.2637   0.2637   0.1041   0.0000   5.0835
 1680.000000   0.2596   0.2596   0.1338   0.0313   4.6050
 1690.000000   0.2442   0.2442   0.1650   0.0026   5.5895
 1700.000000   0.2619   0.2619   0.1319   0.0064   3.7333
 1710.000000   0.2583   0.2583   0.1988   0.0368   4.5042
 1720.000000   0.2596   0.2596   0.2532   0.0548   3.9551
 1730.000000   0.2562   0.2562   0.3025   0.0196   3.8397
 1740.000000   0.2716   0.2716   0.2927   0.0000   4.7343
 1750.000000   0.2784   0.2784   0.3095   0.0000   4.6197
 1760.000000   0.2753   0.2753   0.2706   0.0000   3.7372
 1770.000000   0.2564   0.2564   0.3426   0.0000   4.1359
 1780.000000   0.2763   0.2763   0.2314   0.0000   4.6143
 1790.000000   0.2609   0.2609   0.3582   0.0000   5.2566
 1800.000000   0.2614   0.2614   0.3533   0.0000   4.5553
 1810.000000   0.2598   0.2598   0.2734   0.0000   3.4558
 1820.000000   0.2445   0.2445   0.0966   0.0000   3.7965
 1830.000000   0.2528   0.2528   0.1733   0.0000   3.5562
 1840.000000   0.2565   0.2565   0.5466   0.0000   4.6926
 1850.000000   0.2554   0.2554   0.2624   0.0000   3.9549
 1860.000000   0.2578   0.2578   0.3517   0.0000   5.5814
 1870.000000   0.2394   0.2394   0.2921   0.0000   4.0299
 1880.000000   0.2389   0.2389   0.3426   0.0000   3.6078
 1890.000000   0.2358   0.2358   0.3470   0.0000   3.7594
 1900.000000   0.2643   0.2643   0.3478   0.0000   4.6677
 1910.000000   0.2676   0.2676   0.3407   0.0000   3.2277
 1920.000000   0.2635   0.2635   0.3065   0.0012   3.6054
 1930.000000   0.2857   0.2857   0.3023   0.0621   2.7666
 1940.000000   0.2634   0.2634   0.2932   0.0112   3.7101
 1950.000000   0.2695   0.2695   0.2660   0.0012   3.3877
 1960.000000   0.2705   0.2705   0.3886   0.0267   3.5945
 1970.000000   0.2800   0.2800   0.2215   0.0784   3.0391
 1980.000000   0.2719   0.2719   0.3555   0.0835   3.4156
 1990.000000   0.2728   0.2728   0.3333   0.0524   4.0799
 2000.000000   0.2973   0.2973   0.3349   0.0422   3.2690
 2010.000000   0.2965   0.2965   0.3676   0.0627   2.6706
 2020.000000   0.2771   0.2771   0.3291   0.0353   2.7425
 2030.000000   0.2960   0.2960   0.1906   0.1148   3.9745
 2040.000000   0.2761   0.2761   0.1843   0.1334   3.0759
 2050.000000   0.2609   0.2609   0.1252   0.0210   3.9804
 2060.000000   0.2772   0.2772   0.1920   0.0000   4.5468
 2070.000000   0.2527   0.2527   0.1106   0.0568   3.5807
 2080.000000   0.2801   0.2801   0.1036   0.0000   3.6193
 2090.000000   0.2735   0.2735   0.0873   0.0000   3.4546
 2100.000000   0.2754   0.2754   0.0949   0.0000   4.3244
 2110.000000   0.2661   0.2661   0.1952   0.0127   4.3347
 2120.000000   0.2463   0.2463   0.1640   0.0133   4.1333
 2130.000000   0.2510   0.2510   0.0967   0.0000   3.7554
 2140.000000   0.2475   0.2475   0.1815   0.0000   4.6687
 2150.000000   0.2600   0.2600   0.1401   0.0000   4.0098
 2160.000000   0.2771   0.2771   0.2072   0.0000   3.7677
 2170.000000   0.2538   0.2538   0.1672   0.0000   3.4367
 2180.000000   0.2455   0.2455   0.1510   0.0000   4.0864
 2190.000000   0.2604   0.2604   0.1096   0.0000   4.2288
 2200.000000   0.2607   0.2607   0.1412   0.0916   3.1666
 2210.000000   0.2472   0.2472   0.1215   0.1027   3.2621
 2220.000000   0.2470   0.2470   0.2393   0.0522   4.0294
 2230.000000   0.2472   0.2472   0.2321   0.0641   3.2687
 2240.000000   0.2690   0.2690   0.3163   0.0858   4.3253
 2250.000000   0.2424   0.2424   0.3143   0.1380   4.7522
 2260.000000   0.2540   0.2540   0.3557   0.0234   4.4720
 2270.000000   0.2463   0.2463   0.2966   0.0954   4.1160
 2280.000000   0.2397   0.2397   0.2876   0.0000   3.2862
 2290.000000   0.2457   0.2457   0.2925   0.0000   3.3471
 2300.000000   0.2598   0.2598   0.3281   0.0000   3.0667
 2310.000000   0.2565   0.2565   0.3382   0.0165   2.4893
 2320.000000   0.2661   0.2661   0.3473   0.0000   3.5487
 2330.000000   0.2831   0.2831   0.3645   0.0000   2.2450
 2340.000000   0.2983   0.2983   0.2454   0.0000   3.3225
 2350.000000   0.3151   0.3151   0.3965   0.0000   3.4131
 2360.000000   0.3040   0.3040   0.3965   0.0000   3.3256
 2370.000000   0.3074   0.3074   0.4449   0.0000   3.2272
 2380.000000   0.2842   0.2842   0.2912   0.0000   3.5187
 2390.000000   0.2898   0.2898   0.1141   0.0000   4.1489
 2400.000000   0.2791   0.2791   0.1516   0.0457   3.9930
 2410.000000   0.2832   0.2832   0.2144   0.1206   4.4836
 2420.000000   0.2727   0.2727   0.1863   0.0193   4.1463
 2430.000000   0.2727   0.2727   0.2254   0.0167   5.1707
 2440.000000   0.2560   0.2560   0.1665   0.0288   3.7085
 2450.000000   0.2751   0.2751   0.0977   0.0586   5.1833
 2460.000000   0.2819   0.2819   0.1099   0.0707   4.3758
 2470.000000   0.2770   0.2770   0.1356   0.0592   4.7865
 2480.000000   0.2882   0.2882   0.1450   0.0227   4.3501
 2490.000000   0.2716   0.2716   0.4735   0.0968   3.8962
 2500.000000   0.2719   0.2719   0.5334   0.0877   3.3013
 2510.000000   0.2812   0.2812   0.4782   0.1928   3.0275
 2520.000000   0.2514   0.2514   0.4969   0.0048   3.7033
 2530.000000   0.2564   0.2564   0.4504   0.1169   4.2078
 2540.000000   0.2813   0.2813   0.5755   0.0757   3.6129
 2550.000000   0.2807   0.2807   0.4938   0.1663   3.6630
 2560.000000   0.2538   0.2538   0.5707   0.0372   4.4244
 2570.000000   0.2530   0.2530   0.6494   0.0191   4.7044
 2580.000000   0.2787   0.2787   0.5980   0.0000   3.8657
 2590.000000   0.2576   0.2576   0.6182   0.0355   4.4129
 2600.000000   0.2655   0.2655   0.5987   0.1132   4.0076
 2610.000000   0.2592   0.2592   0.5961   0.0685   3.7871
 2620.000000   0.2769   0.2769   0.6327   0.0697   3.4831
 2630.000000   0.2803   0.2803   0.6376   0.0777   3.3531
 2640.000000   0.2801   0.2801   0.6099   0.0385   4.5411
 2650.000000   0.2786   0.2786   0.5117   0.0108   4.4701
 2660.000000   0.2699   0.2699   0.5309   0.0586   3.7138
 2670.000000   0.2674   0.2674   0.6148   0.0492   4.7988
 2680.000000   0.2463   0.2463   0.5843   0.0277   4.2583
 2690.000000   0.2409   0.2409   0.6810   0.0280   4.4639
 2700.000000   0.2542   0.2542   0.6391   0.0473   4.1776
 2710.000000   0.2614   0.2614   0.7413   0.1681   2.6613
 2720.000000   0.2778   0.2778   0.6494   0.0469   2.0422
 2730.000000   0.2892   0.2892   0.5445   0.0842   2.1286
 2740.000000   0.2871   0.2871   0.7966   0.0069   3.4612
 2750.000000   0.2811   0.2811   0.9196   0.0234   3.7375
 2760.000000   0.2893   0.2893   0.8084   0.0242   3.5984
 2770.000000   0.2691   0.2691   0.7785   0.0251   2.8889
 2780.000000   0.2603   0.2603   0.7878   0.0674   3.7050
 2790.000000   0.2666   0.2666   0.7774   0.0389   3.2865
 2800.000000   0.2765   0.2765   0.5496   0.1697   2.4346
 2810.000000   0.2681   0.2681   0.4331   0.1835   3.8702
 2820.000000   0.3021   0.3021   0.5013   0.0526   3.5045
 2830.000000   0.2728   0.2728   0.5232   0.1529   3.9308
 2840.000000   0.2542   0.2542   0.5176   0.0000   3.2095
 2850.000000   0.2620   0.2620   0.4962   0.0000   3.9466
 2860.000000   0.2812   0.2812   0.4807   0.0000   3.7914
 2870.000000   0.2722   0.2722   0.5544   0.0157   3.8299
 2880.000000   0.2759   0.2759   0.4994   0.0000   3.2338
 2890.000000   0.2663   0.2663   0.7197   0.0019   5.2874
 2900.000000   0.2887   0.2887   0.6825   0.0000   3.2088
 2910.000000   0.2648   0.2648   0.6559   0.0013   4.6671
 2920.000000   0.2916   0.2916   0.8937   0.0000   4.2314
 2930.000000   0.2670   0.2670   0.8378   0.0000   6.2577
 2940.000000   0.2670   0.2670   1.1047   0.0452   2.5193
 2950.000000   0.2706   0.2706   0.6597   0.0000   5.7445
 2960.000000   0.3166   0.3166   0.6756   0.0000   3.4082
 2970.000000   0.2947   0.2947   0.6088   0.0458   4.5945
 2980.000000   0.3070   0.3070   0.6526   0.0000   3.9178
 2990.000000   0.3295   0.3295   0.7793   0.0000   4.1904
 3000.000000   0.3267   0.3267   0.7194   0.0525   3.4262
 3010.000000   0.3182   0.3182   0.8311   0.0110   4.4589
 3020.000000   0.3067   0.3067   0.6437   0.0413   3.7343
 3030.000000   0.3049   0.3049   0.6082   0.0226   3.7957
 3040.000000   0.3186   0.3186   0.5674   0.0282   3.7329
 3050.000000   0.2758   0.2758   0.5494   0.0000   4.0106
 3060.000000   0.2739   0.2739   0.5334   0.0000   4.0298
 3070.000000   0.2544   0.2544   0.7386   0.0000   5.2034
 3080.000000   0.2485   0.2485   0.6139   0.0000   4.0717
 3090.000000   0.2880   0.2880   0.6916   0.0052   4.3908
 3100.000000   0.2987   0.2987   0.6634   0.0000   5.0490
 3110.000000   0.2783   0.2783   0.7905   0.0000   4.0882
 3120.000000   0.3031   0.3031   0.6206   0.0000   4.3773
 3130.000000   0.3362   0.3362   0.6511   0.0000   3.4499
 3140.000000   0.3172   0.3172   0.6839   0.0143   2.8593
 3150.000000   0.3017   0.3017   0.6289   0.0103   3.2566
 3160.000000   0.2934   0.2934   0.6681   0.0270   4.5289
 3170.000000   0.2652   0.2652   0.5938   0.0000   5.2775
 3180.000000   0.2347   0.2347   0.6466   0.0000   4.2059
 3190.000000   0.2431   0.2431   0.7278   0.0120   5.1732
 3200.000000   0.2426   0.2426   0.7256   0.0220   4.8723
 3210.000000   0.2542   0.2542   0.6601   0.0623   2.8464
 3220.000000   0.2376   0.2376   0.5883   0.0000   5.1531
 3230.000000   0.2409   0.2409   0.7028   0.0144   4.6748
 3240.000000   0.2468   0.2468   0.6185   0.0434   2.9342
 3250.000000   0.2382   0.2382   0.7434   0.0275   5.1006
 3260.000000   0.2495   0.2495   0.7333   0.0181   4.0420
 3270.000000   0.2730   0.2730   0.6483   0.0215   2.6646
 3280.000000   0.2569   0.2569   0.6521   0.0000   4.5156
 3290.000000   0.2569   0.2569   0.7483   0.0065   3.9989
 3300.000000   0.2522   0.2522   0.6907   0.0509   4.6889
 3310.000000   0.2609   0.2609   0.7158   0.0000   4.5611
 3320.000000   0.2644   0.2644   0.9467   0.0266   4.0005
 3330.000000   0.2733   0.2733   0.9102   0.0935   2.5910
 3340.000000   0.2765   0.2765   0.7635   0.0014   4.7748
 3350.000000   0.2622   0.2622   0.5259   0.0000   4.4292
 3360.000000   0.2873   0.2873   0.5324   0.0000   4.1474
 3370.000000   0.2797   0.2797   0.5524   0.0000   3.4739
 3380.000000   0.2780   0.2780   0.5354   0.0000   3.9638
 3390.000000   0.2658   0.2658   0.4104   0.0000   3.1444
 3400.000000   0.2907   0.2907   0.5005   0.0000   3.9811
 3410.000000   0.2749   0.2749   0.5042   0.0000   2.9735
 3420.000000   0.2737   0.2737   0.5708   0.0000   4.1653
 3430.000000   0.2775   0.2775   0.4655   0.0000   4.0907
 3440.000000   0.2701   0.2701   0.5819   0.0000   4.6572
 3450.000000   0.2780   0.2780   0.4585   0.0781   3.0055
 3460.000000   0.2827   0.2827   0.5302   0.0304   3.7949
 3470.000000   0.2942   0.2942   0.4411   0.0399   4.0691
 3480.000000   0.2809   0.2809   0.3240   0.0717   3.6505
 3490.000000   0.2795   0.2795   0.4111   0.0462   4.1400
 3500.000000   0.2846   0.2846   0.4013   0.1126   4.3183
 3510.000000   0.2685   0.2685   0.4349   0.0617   4.2331
 3520.000000   0.2856   0.2856   0.4827   0.0622   4.3597
 3530.000000   0.2766   0.2766   0.3891   0.0534   3.3102
 3540.000000   0.2789   0.2789   0.4320   0.0229   3.7039
 3550.000000   0.2809   0.2809   0.4096   0.0561   4.3493
 3560.000000   0.2607   0.2607   0.4630   0.0195   3.6900
 3570.000000   0.2627   0.2627   0.4488   0.1133   3.9711
 3580.000000   0.2606   0.2606   0.4397   0.0554   2.9383
 3590.000000   0.2781   0.2781   0.3334   0.0117   4.3080
 3600.000000   0.3107   0.3107   0.3818   0.0231   3.7696
 3610.000000   0.2648   0.2648   0.3969   0.0853   4.2559
 3620.000000   0.2489   0.2489   0.3722   0.0826   3.3039
 3630.000000   0.2591   0.2591   0.3107   0.0812   3.5911
 3640.000000   0.2891   0.2891   0.1034   0.0374   4.5810
 3650.000000   0.2745   0.2745   0.2491   0.0141   4.3370
 3660.000000   0.2912   0.2912   0.2388   0.0000   5.0746
 3670.000000   0.2808   0.2808   0.2714   0.0172   3.5867
 3680.000000   0.2972   0.2972   0.1713   0.0121   4.0490
 3690.000000   0.3049   0.3049   0.1967   0.0134   4.1379
 3700.000000   0.2787   0.2787   0.2330   0.0123   3.3423
 3710.000000   0.2632   0.2632   0.1568   0.0342   3.2162
 3720.000000   0.2845   0.2845   0.1667   0.0217   2.9962
 3730.000000   0.2825   0.2825   0.1332   0.0232   2.7544
 3740.000000   0.2791   0.2791   0.1281   0.0455   3.5368
 3750.000000   0.2731   0.2731   0.1197   0.0005   3.2912
 3760.000000   0.2744   0.2744   0.1877   0.0157   4.1820
 3770.000000   0.2756   0.2756   0.1443   0.0246   4.3946
 3780.000000   0.2736   0.2736   0.4097   0.0000   3.8623
 3790.000000   0.2568   0.2568   0.4790   0.0052   3.3823
 3800.000000   0.2788   0.2788   0.3949   0.0141   4.7578
 3810.000000   0.2783   0.2783   0.4713   0.0378   3.7648
 3820.000000   0.2717   0.2717   0.4967   0.0948   3.1127
 3830.000000   0.2793   0.2793   0.1834   0.1124   3.5870
 3840.000000   0.2807   0.2807   0.2868   0.1043   3.5669
 3850.000000   0.2923   0.2923   0.3082   0.0777   2.3132
 3860.000000   0.3040   0.3040   0.2424   0.1467   2.1041
 3870.000000   0.2863   0.2863   0.3250   0.0900   2.5123
 3880.000000   0.2715   0.2715   0.3152   0.1007   2.5875
 3890.000000   0.2871   0.2871   0.3723   0.0474   3.3361
 3900.000000   0.3071   0.3071   0.4769   0.0106   3.5330
 3910.000000   0.2939   0.2939   0.3595   0.0618   2.2689
 3920.000000   0.2936   0.2936   0.1591   0.0093   4.4299
 3930.000000   0.3157   0.3157   0.1472   0.0079   3.5290
 3940.000000   0.3055   0.3055   0.1055   0.0000   4.0131
 3950.000000   0.3288   0.3288   0.2801   0.0000   3.7392
 3960.000000   0.3082   0.3082   0.1288   0.0000   4.5022
 3970.000000   0.3338   0.3338   0.1397   0.0000   3.2143
 3980.000000   0.3207   0.3207   0.2344   0.0000   3.6650
 3990.000000   0.3457   0.3457   0.1682   0.0000   4.3298
 4000.000000   0.3173   0.3173   0.1402   0.0000   4.6509
 4010.000000   0.2884   0.2884   0.1828   0.0000   4.9312
 4020.000000   0.2935   0.2935   0.2072   0.0000   4.2338
 4030.000000   0.2936   0.2936   0.1596   0.0000   3.9671
 4040.000000   0.2862   0.2862   0.1842   0.0000   4.8292
 4050.000000   0.2753   0.2753   0.2337   0.0000   4.1306
 4060.000000   0.2835   0.2835   0.1772   0.0000   4.8812
 4070.000000   0.2848   0.2848   0.2013   0.0000   4.7395
 4080.000000   0.2872   0.2872   0.2914   0.0000   4.5120
 4090.000000   0.2894   0.2894   0.1736   0.0000   3.2337
 4100.000000   0.2873   0.2873   0.1327   0.0000   4.3803
 4110.000000   0.2883   0.2883   0.3236   0.0000   4.7310
 4120.000000   0.2924   0.2924   0.3313   0.0000   4.3301
 4130.000000   0.3235   0.3235   0.3476   0.0000   4.2331
 4140.000000   0.2982   0.2982   0.2029   0.0000   3.5476
 4150.000000   0.2708   0.2708   0.2824   0.0000   4.5879
 4160.000000   0.2754   0.2754   0.2893   0.0000   3.2468
 4170.000000   0.3035   0.3035   0.3193   0.0000   4.1955
 4180.000000   0.3018   0.3018   0.2577   0.0000   4.6343
 4190.000000   0.2969   0.2969   0.3137   0.0000   4.7776
 4200.000000   0.3138   0.3138   0.2698   0.0000   4.2629
 4210.000000   0.3200   0.3200   0.2574   0.0000   3.2095
 4220.000000   0.3023   0.3023   0.1304   0.0000   4.3276
 4230.000000   0.2947   0.2947   0.3486   0.0000   4.0128
 4240.000000   0.3092   0.3092   0.2259   0.0000   4.0123
 4250.000000   0.3160   0.3160   0.3100   0.0000   3.4370
 4260.000000   0.3211   0.3211   0.3445   0.0000   3.6233
 4270.000000   0.3090   0.3090   0.3040   0.0000   2.9629
 4280.000000   0.3112   0.3112   0.2816   0.0000   4.6991
 4290.000000   0.2931   0.2931   0.3022   0.0000   3.6704
 4300.000000   0.2874   0.2874   0.2663   0.0000   3.8619
 4310.000000   0.3070   0.3070   0.2858   0.0000   4.5789
 4320.000000   0.2808   0.2808   0.2923   0.0000   3.1589
 4330.000000   0.2985   0.2985   0.4634   0.0000   3.8198
 4340.000000   0.2818   0.2818   0.4228   0.0000   3.9507
 4350.000000   0.2626   0.2626   0.3494   0.0000   4.3155
 4360.000000   0.2846   0.2846   0.4365   0.0000   4.9581
 4370.000000   0.2871   0.2871   0.4906   0.0000   4.2056
 4380.000000   0.2883   0.2883   0.4600   0.0000   3.9801
 4390.000000   0.2842   0.2842   0.3818   0.0000   4.0932
 4400.000000   0.3066   0.3066   0.4057   0.0000   4.1918
 4410.000000   0.2860   0.2860   0.4660   0.0000   4.4469
 4420.000000   0.2997   0.2997   0.4340   0.0000   4.0064
 4430.000000   0.3534   0.3534   0.5016   0.0000   3.7692
 4440.000000   0.2994   0.2994   0.4068   0.0000   4.5304
 4450.000000   0.3026   0.3026   0.5523   0.0000   3.7500
 4460.000000   0.3090   0.3090   0.3956   0.0000   3.0530
 4470.000000   0.2970   0.2970   0.3995   0.0000   3.2120
 4480.000000   0.2818   0.2818   0.4131   0.0000   3.7589
 4490.000000   0.2771   0.2771   0.4894   0.0000   3.6804
 4500.000000   0.2959   0.2959   0.4692   0.0000   4.1274
 4510.000000   0.3242   0.3242   0.4623   0.0000   2.7595
 4520.000000   0.3094   0.3094   0.3868   0.0000   3.7096
 4530.000000   0.3001   0.3001   0.4630   0.0000   3.5227
 4540.000000   0.3157   0.3157   0.5207   0.0003   3.5969
 4550.000000   0.3377   0.3377   0.4464   0.0063   3.2399
 4560.000000   0.3598   0.3598   0.2910   0.0236   3.6173
 4570.000000   0.3865   0.3865   0.3946   0.0251   3.3916
 4580.000000   0.3593   0.3593   0.3264   0.0000   3.3826
 4590.000000   0.3291   0.3291   0.3268   0.0000   2.2774
 4600.000000   0.3211   0.3211   0.5006   0.0000   4.4579
 4610.000000   0.3156   0.3156   0.3868   0.0228   3.5342
 4620.000000   0.3303   0.3303   0.2099   0.0000   3.3763
 4630.000000   0.3474   0.3474   0.2433   0.0038   3.3481
 4640.000000   0.3542   0.3542   0.4201   0.0000   2.4867
 4650.000000   0.3510   0.3510   0.4125   0.0000   2.3858
 4660.000000   0.3254   0.3254   0.2923   0.0000   3.2286
 4670.000000   0.3023   0.3023   0.2760   0.0000   2.7618
 4680.000000   0.3104   0.3104   0.3922   0.0000   3.7498
 4690.000000   0.2957   0.2957   0.3655   0.0000   2.2803
 4700.000000   0.3249   0.3249   0.2837   0.0000   3.9989
 4710.000000   0.3233   0.3233   0.5149   0.0000   4.6532
 4720.000000   0.3002   0.3002   0.3121   0.0000   3.6897
 4730.000000   0.3044   0.3044   0.3915   0.0000   4.1392
 4740.000000   0.3201   0.3201   0.3978   0.0000   3.6137
 4750.000000   0.3121   0.3121   0.2607   0.0000   4.0287
 4760.000000   0.2920   0.2920   0.3738   0.0000   3.6640
 4770.000000   0.2952   0.2952   0.2944   0.0000   3.3335
 4780.000000   0.2981   0.2981   0.3859   0.0000   3.4019
 4790.000000   0.2783   0.2783   0.4313   0.0000   3.6951
 4800.000000   0.2595   0.2595   0.4937   0.0000   4.2909
 4810.000000   0.2712   0.2712   0.4971   0.0000   3.6620
 4820.000000   0.3016   0.3016   0.4024   0.0000   2.7231
 4830.000000   0.2814   0.2814   0.3509   0.0000   3.4794
 4840.000000   0.3106   0.3106   0.4913   0.0000   3.5516
 4850.000000   0.2803   0.2803   0.3437   0.0000   3.5333
 4860.000000   0.2861   0.2861   0.2082   0.0000   4.4210
 4870.000000   0.2855   0.2855   0.3186   0.0000   4.1265
 4880.000000   0.2766   0.2766   0.4610   0.0000   3.7178
 4890.000000   0.2924   0.2924   0.1525   0.0000   3.4967
 4900.000000   0.2769   0.2769   0.4054   0.0000   2.9765
 4910.000000   0.2743   0.2743   0.4075   0.0000   3.6616
 4920.000000   0.2596   0.2596   0.4196   0.0000   3.3259
 4930.000000   0.2692   0.2692   0.4347   0.0000   3.7436
 4940.000000   0.2952   0.2952   0.3977   0.0000   3.7715
 4950.000000   0.3182   0.3182   0.4058   0.0000   3.4862
 4960.000000   0.2770   0.2770   0.3741   0.0000   3.6437
 4970.000000   0.3025   0.3025   0.3260   0.0000   5.1098
 4980.000000   0.3345   0.3345   0.3734   0.0000   3.6800
 4990.000000   0.2679   0.2679   0.3476   0.0000   4.1598
 5000.000000   0.2888   0.2888   0.3643   0.0000   3.4774
 5010.000000   0.2725   0.2725   0.3990   0.0000   4.2915
 5020.000000   0.2953   0.2953   0.4008   0.0000   4.1853
